[1576517, 60, 99, 139]
[1578333, 60, 99, 139]
[1578398, 60, 99, 139]
[1578467, 60, 99, 139]
[1578486, 60, 99, 139]
[1578360, 60, 99, 139]
[1578460, 60, 99, 139]
[1578492, 60, 99, 139]
[1578537, 60, 99, 139]
[1578507, 60, 99, 139]
[1578022, 60, 99, 139]
[1577949, 60, 99, 139]
[1578078, 60, 99, 139]
[1577904, 60, 99, 139]
[1577615, 60, 99, 139]
[1577469, 60, 99, 139]
[1577631, 60, 99, 139]
[1577164, 60, 99, 139]
[1577157, 60, 99, 139]
[1577146, 60, 99, 139]
[1577062, 60, 99, 139]
[1577138, 60, 99, 139]
[1577168, 60, 99, 139]
[1576805, 60, 99, 139]
[1576949, 60, 99, 139]
[1576909, 60, 99, 139]
[1576970, 60, 99, 139]
[1576897, 60, 99, 139]
[1577036, 60, 99, 139]
[1577148, 60, 99, 139]
[1577029, 60, 99, 139]
[1576993, 60, 99, 139]
[1577017, 60, 99, 139]
[1577192, 60, 99, 139]
[1577461, 60, 99, 139]
[1577481, 60, 99, 139]
[1577690, 60, 99, 139]
[1577895, 60, 99, 139]
[1577895, 60, 99, 139]
[1577910, 60, 99, 139]
[1578139, 60, 99, 139]
[1578219, 60, 99, 139]
[1578433, 60, 99, 139]
[1578516, 60, 99, 139]
[1578602, 60, 99, 139]
[1578605, 60, 99, 139]
[1578755, 60, 99, 139]
[1578853, 60, 99, 139]
[1578774, 60, 99, 139]
[1579102, 60, 99, 139]
[1579133, 60, 99, 139]
[1579456, 60, 99, 139]
[1579463, 60, 99, 139]
[1579489, 60, 99, 139]
[1579681, 60, 99, 139]
[1579779, 60, 99, 139]
[1579975, 60, 99, 139]
[1579943, 60, 99, 139]
[1580036, 60, 99, 139]
[1580301, 60, 99, 139]
[1580475, 60, 99, 139]
[1580299, 60, 99, 139]
[1580534, 60, 99, 139]
[1580507, 60, 99, 139]
[1580591, 60, 99, 139]
[1580741, 60, 99, 139]
[1580735, 60, 99, 139]
[1580810, 60, 99, 139]
[1580749, 60, 99, 139]
[1580997, 60, 99, 139]
[1581075, 60, 99, 139]
[1581147, 60, 99, 139]
[1581146, 60, 99, 139]
[1581296, 60, 99, 139]
[1581142, 60, 99, 139]
[1581248, 60, 99, 139]
[1581243, 60, 99, 139]
[1581566, 60, 99, 139]
[1581315, 60, 99, 139]
[1581280, 60, 99, 139]
[1581530, 60, 99, 139]
[1581598, 60, 99, 139]
[1581394, 60, 99, 139]
[1581369, 60, 99, 139]
[1581550, 60, 99, 139]
[1581874, 60, 99, 139]
[1581649, 60, 99, 139]
[1581655, 60, 99, 139]
[1581584, 60, 99, 139]
[1581633, 60, 99, 139]
[1581923, 60, 99, 139]
[1581924, 60, 99, 139]
[1582035, 60, 99, 139]
[1581914, 60, 99, 139]
[1581901, 60, 99, 139]
[1582243, 60, 99, 139]
[1582284, 60, 99, 139]
[1582213, 60, 99, 139]
[1582384, 60, 99, 139]
[1582346, 60, 99, 139]
[1582635, 60, 99, 139]
[1582722, 60, 99, 139]
[1582854, 60, 99, 139]
[1583022, 60, 99, 139]
[1583048, 60, 99, 139]
[1583212, 60, 99, 139]
[1583497, 60, 99, 139]
[1583421, 60, 99, 139]
[1583722, 60, 99, 139]
[1583669, 60, 99, 139]
[1583662, 60, 99, 139]
[1583825, 60, 99, 139]
[1584003, 60, 99, 139]
[1583635, 60, 99, 139]
[1583671, 60, 99, 139]
[1583332, 60, 99, 139]
[1582629, 60, 99, 139]
[1581585, 60, 99, 139]
[1580973, 60, 99, 139]
[1580017, 60, 99, 139]
[1579281, 60, 99, 139]
[1578170, 60, 99, 139]
[1577317, 60, 99, 139]
[1576353, 60, 99, 139]
[1576009, 60, 99, 139]
[1575126, 60, 99, 139]
[1574659, 60, 99, 139]
[1574186, 60, 99, 139]
[1573485, 60, 99, 139]
[1573372, 60, 99, 139]
[1572836, 60, 99, 139]
[1572395, 60, 99, 139]
[1572535, 60, 99, 139]
[1572356, 60, 99, 139]
[1572267, 60, 99, 139]
[1572239, 60, 99, 139]
[1572265, 60, 99, 139]
[1572262, 60, 99, 139]
[1572289, 60, 99, 139]
[1572472, 60, 99, 139]
[1572668, 60, 99, 139]
[1572615, 60, 99, 139]
[1572708, 60, 99, 139]
[1572936, 60, 99, 139]
[1573041, 60, 99, 139]
[1573229, 60, 99, 139]
[1573278, 60, 99, 139]
[1573408, 60, 99, 139]
[1573436, 60, 99, 139]
[1573456, 60, 99, 139]
[1573529, 60, 99, 139]
[1573386, 60, 99, 139]
[1573530, 60, 99, 139]
[1573482, 60, 99, 139]
[1573705, 60, 99, 139]
[1573828, 60, 99, 139]
[1573834, 60, 99, 139]
[1574021, 60, 99, 139]
[1574059, 60, 99, 139]
[1574035, 60, 99, 139]
[1574274, 60, 99, 139]
[1574538, 60, 99, 139]
[1574647, 60, 99, 139]
[1574615, 60, 99, 139]
[1574566, 60, 99, 139]
[1574860, 60, 99, 139]
[1574692, 60, 99, 139]
[1574717, 60, 99, 139]
[1574586, 60, 99, 139]
[1574486, 60, 99, 139]
[1574325, 60, 99, 139]
[1574067, 60, 99, 139]
[1574114, 60, 99, 139]
[1573748, 60, 99, 139]
[1573790, 60, 99, 139]
[1573383, 60, 99, 139]
[1573561, 60, 99, 139]
[1573287, 60, 99, 139]
[1573339, 60, 99, 139]
[1573141, 60, 99, 139]
[1573088, 60, 99, 139]
[1573041, 60, 99, 139]
[1573082, 60, 99, 139]
[1573318, 60, 99, 139]
[1573053, 60, 99, 139]
[1573159, 60, 99, 139]
[1573181, 60, 99, 139]
[1573267, 60, 99, 139]
[1573389, 60, 99, 139]
[1573424, 60, 99, 139]
[1573612, 60, 99, 139]
[1573445, 60, 99, 139]
[1573936, 60, 99, 139]
[1574108, 60, 99, 139]
[1573990, 60, 99, 139]
[1573980, 60, 99, 139]
[1574321, 60, 99, 139]
[1574202, 60, 99, 139]
[1574397, 60, 99, 139]
[1574478, 60, 99, 139]
[1574374, 60, 99, 139]
[1574972, 60, 99, 139]
[1574693, 60, 99, 139]
[1574856, 60, 99, 139]
[1575077, 60, 99, 139]
[1575146, 60, 99, 139]
[1575392, 60, 99, 139]
[1575498, 60, 99, 139]
[1575586, 60, 99, 139]
[1575539, 60, 99, 139]
[1575598, 60, 99, 139]
[1576063, 60, 99, 139]
[1576210, 60, 99, 139]
[1575992, 60, 99, 139]
[1576190, 60, 99, 139]
[1576462, 60, 99, 139]
[1576414, 60, 99, 139]
[1576492, 60, 99, 139]
[1576694, 60, 99, 139]
[1576571, 60, 99, 139]
[1576846, 60, 99, 139]
[1576797, 60, 99, 139]
[1576814, 60, 99, 139]
[1577211, 60, 99, 139]
[1577071, 60, 99, 139]
[1577104, 60, 99, 139]
[1577523, 60, 99, 139]
[1577438, 60, 99, 139]
[1577552, 60, 99, 139]
[1577695, 60, 99, 139]
[1577729, 60, 99, 139]
[1577735, 60, 99, 139]
[1577813, 60, 99, 139]
[1577661, 60, 99, 139]
[1577782, 60, 99, 139]
[1577870, 60, 99, 139]
[1577919, 60, 99, 139]
[1577936, 60, 99, 139]
[1577862, 60, 99, 139]
[1578124, 60, 99, 139]
[1577903, 60, 99, 139]
[1577776, 60, 99, 139]
[1577983, 60, 99, 139]
[1578151, 60, 99, 139]
[1577987, 60, 99, 139]
[1578204, 60, 99, 139]
[1578322, 60, 99, 139]
[1578352, 60, 99, 139]
[1578142, 60, 99, 139]
[1578640, 60, 99, 139]
[1578394, 60, 99, 139]
[1578660, 60, 99, 139]
[1578665, 60, 99, 139]
[1578558, 60, 99, 139]
[1578774, 60, 99, 139]
[1579207, 60, 99, 139]
[1579130, 60, 99, 139]
[1579220, 60, 99, 139]
[1579169, 60, 99, 139]
[1579725, 0, 0, 0]
[1579758, 0, 0, 0]
[1579665, 0, 0, 0]
[1579798, 0, 0, 0]
[1579939, 0, 0, 0]
[1580079, 0, 0, 0]
[1579905, 0, 0, 0]
[1579739, 0, 0, 0]
[1579815, 0, 0, 0]
[1579440, 0, 0, 0]
[1578634, 0, 0, 0]
[1577834, 0, 0, 0]
[1577121, 0, 0, 0]
[1576082, 0, 0, 0]
[1575262, 0, 0, 0]
[1574458, 0, 0, 0]
[1573726, 0, 0, 0]
[1572986, 0, 0, 0]
[1572200, 0, 0, 0]
[1571542, 0, 0, 0]
[1571087, 0, 0, 0]
[1570447, 0, 0, 0]
[1569797, 0, 0, 0]
[1569334, 0, 0, 0]
[1569096, 0, 0, 0]
[1569023, 0, 0, 0]
[1568421, 0, 0, 0]
[1568317, 0, 0, 0]
[1568428, 0, 0, 0]
[1568129, 0, 0, 0]
[1568224, 0, 0, 0]
[1568226, 0, 0, 0]
[1568103, 0, 0, 0]
[1568181, 0, 0, 0]
[1568187, 0, 0, 0]
[1568248, 0, 0, 0]
[1568211, 0, 0, 0]
[1568524, 0, 0, 0]
[1568741, 0, 0, 0]
[1568800, 0, 0, 0]
[1568518, 0, 0, 0]
[1568536, 0, 0, 0]
[1568517, 0, 0, 0]
[1568619, 0, 0, 0]
[1568617, 0, 0, 0]
[1568643, 0, 0, 0]
[1568628, 0, 0, 0]
[1568532, 0, 0, 0]
[1568532, 0, 0, 0]
[1568345, 0, 0, 0]
[1568394, 0, 0, 0]
[1568616, 0, 0, 0]
[1568544, 0, 0, 0]
[1568699, 0, 0, 0]
[1568738, 0, 0, 0]
[1568901, 0, 0, 0]
[1568885, 0, 0, 0]
[1569009, 0, 0, 0]
[1569170, 0, 0, 0]
[1569140, 0, 0, 0]
[1569424, 0, 0, 0]
[1569295, 0, 0, 0]
[1569285, 0, 0, 0]
[1569374, 0, 0, 0]
[1569268, 0, 0, 0]
[1569181, 0, 0, 0]
[1569302, 0, 0, 0]
[1568941, 0, 0, 0]
[1568890, 0, 0, 0]
[1568795, 0, 0, 0]
[1568625, 0, 0, 0]
[1568509, 0, 0, 0]
[1568539, 0, 0, 0]
[1568611, 0, 0, 0]
[1568483, 0, 0, 0]
[1568331, 0, 0, 0]
[1568326, 0, 0, 0]
[1568361, 0, 0, 0]
[1568327, 0, 0, 0]
[1568615, 0, 0, 0]
[1568442, 0, 0, 0]
[1568599, 0, 0, 0]
[1568664, 0, 0, 0]
[1568562, 0, 0, 0]
[1568839, 0, 0, 0]
[1568574, 0, 0, 0]
[1568711, 0, 0, 0]
[1569193, 0, 0, 0]
[1569174, 0, 0, 0]
[1569230, 0, 0, 0]
[1569206, 0, 0, 0]
[1569488, 0, 0, 0]
[1569582, 0, 0, 0]
[1569695, 0, 0, 0]
[1569631, 0, 0, 0]
[1569797, 0, 0, 0]
[1569853, 0, 0, 0]
[1570147, 0, 0, 0]
[1570069, 0, 0, 0]
[1570548, 0, 0, 0]
[1570397, 0, 0, 0]
[1570664, 0, 0, 0]
[1570597, 0, 0, 0]
[1570867, 0, 0, 0]
[1570916, 0, 0, 0]
[1571230, 0, 0, 0]
[1571016, 0, 0, 0]
[1571191, 0, 0, 0]
[1571552, 0, 0, 0]
[1571379, 0, 0, 0]
[1571640, 0, 0, 0]
[1571793, 0, 0, 0]
[1571938, 0, 0, 0]
[1571883, 0, 0, 0]
[1571817, 0, 0, 0]
[1572132, 0, 0, 0]
[1572465, 0, 0, 0]
[1572359, 0, 0, 0]
[1572480, 0, 0, 0]
[1572510, 0, 0, 0]
[1572510, 0, 0, 0]
[1572681, 0, 0, 0]
[1572908, 0, 0, 0]
[1572926, 0, 0, 0]
[1573034, 0, 0, 0]
[1573052, 0, 0, 0]
[1573113, 0, 0, 0]
[1573229, 0, 0, 0]
[1572916, 0, 0, 0]
[1573341, 0, 0, 0]
[1573463, 0, 0, 0]
[1573602, 0, 0, 0]
[1573344, 0, 0, 0]
[1573467, 0, 0, 0]
[1573520, 0, 0, 0]
[1573630, 0, 0, 0]
[1573759, 0, 0, 0]
[1573731, 0, 0, 0]
[1573600, 0, 0, 0]
[1573985, 0, 0, 0]
[1573956, 0, 0, 0]
[1574075, 0, 0, 0]
[1574156, 0, 0, 0]
[1574297, 0, 0, 0]
[1574294, 0, 0, 0]
[1574473, 0, 0, 0]
[1574463, 0, 0, 0]
[1574594, 0, 0, 0]
[1574818, 0, 0, 0]
[1574886, 0, 0, 0]
[1574653, 0, 0, 0]
[1574829, 0, 0, 0]
[1574888, 0, 0, 0]
[1574895, 0, 0, 0]
[1575227, 0, 0, 0]
[1575246, 0, 0, 0]
[1575609, 0, 0, 0]
[1575381, 0, 0, 0]
[1575538, 0, 0, 0]
[1575769, 0, 0, 0]
[1575789, 0, 0, 0]
[1575699, 0, 0, 0]
[1575999, 0, 0, 0]
[1576106, 0, 0, 0]
[1576131, 0, 0, 0]
[1576346, 0, 0, 0]
[1576648, 0, 0, 0]
[1576503, 0, 0, 0]
[1576774, 0, 0, 0]
[1576773, 0, 0, 0]
[1577112, 0, 0, 0]
[1577271, 0, 0, 0]
[1577402, 0, 0, 0]
[1577421, 0, 0, 0]
[1577701, 0, 0, 0]
[1577817, 0, 0, 0]
[1577948, 0, 0, 0]
[1577906, 0, 0, 0]
[1577952, 0, 0, 0]
[1578002, 0, 0, 0]
[1577661, 0, 0, 0]
[1577168, 0, 0, 0]
[1576605, 0, 0, 0]
[1575965, 0, 0, 0]
[1574925, 0, 0, 0]
[1573813, 0, 0, 0]
[1572821, 0, 0, 0]
[1571839, 0, 0, 0]
[1571002, 0, 0, 0]
[1570008, 0, 0, 0]
[1569242, 0, 0, 0]
[1568232, 0, 0, 0]
[1567577, 0, 0, 0]
[1567085, 0, 0, 0]
[1566690, 0, 0, 0]
[1565911, 0, 0, 0]
[1565510, 0, 0, 0]
[1565050, 0, 0, 0]
[1564779, 0, 0, 0]
[1564578, 0, 0, 0]
[1564507, 0, 0, 0]
[1564255, 0, 0, 0]
[1564324, 0, 0, 0]
[1564144, 0, 0, 0]
[1564277, 0, 0, 0]
[1564334, 0, 0, 0]
[1564224, 0, 0, 0]
[1564250, 0, 0, 0]
[1564190, 0, 0, 0]
[1564100, 0, 0, 0]
[1564318, 0, 0, 0]
[1564021, 0, 0, 0]
[1564224, 0, 0, 0]
[1564258, 0, 0, 0]
[1564245, 0, 0, 0]
[1564124, 0, 0, 0]
[1564179, 0, 0, 0]
[1564130, 0, 0, 0]
[1563970, 0, 0, 0]
[1564142, 0, 0, 0]
[1563864, 0, 0, 0]
[1563763, 0, 0, 0]
[1563932, 0, 0, 0]
[1563786, 0, 0, 0]
[1563542, 0, 0, 0]
[1563679, 0, 0, 0]
[1563740, 0, 0, 0]
[1563981, 0, 0, 0]
[1564076, 0, 0, 0]
[1563913, 0, 0, 0]
[1563983, 0, 0, 0]
[1564425, 0, 0, 0]
[1564322, 0, 0, 0]
[1564328, 0, 0, 0]
[1564429, 0, 0, 0]
[1564580, 0, 0, 0]
[1564614, 0, 0, 0]
[1564514, 0, 0, 0]
[1564544, 0, 0, 0]
[1564529, 0, 0, 0]
[1564437, 0, 0, 0]
[1564250, 0, 0, 0]
[1564151, 0, 0, 0]
[1564218, 0, 0, 0]
[1563930, 0, 0, 0]
[1564000, 0, 0, 0]
[1563968, 0, 0, 0]
[1563991, 0, 0, 0]
[1563870, 0, 0, 0]
[1563902, 0, 0, 0]
[1563765, 0, 0, 0]
[1563875, 0, 0, 0]
[1563835, 0, 0, 0]
[1564022, 0, 0, 0]
[1564040, 0, 0, 0]
[1564290, 0, 0, 0]
[1564032, 60, 99, 156]
[1564179, 60, 99, 156]
[1564335, 60, 99, 156]
[1564504, 60, 99, 156]
[1564594, 60, 99, 156]
[1564702, 60, 99, 156]
[1564919, 60, 99, 156]
[1564961, 60, 99, 156]
[1564992, 60, 99, 156]
[1565150, 60, 99, 156]
[1565237, 60, 99, 156]
[1565141, 60, 99, 156]
[1565649, 60, 99, 156]
[1565608, 60, 99, 156]
[1565712, 60, 99, 156]
[1565883, 60, 99, 156]
[1565996, 60, 99, 156]
[1565971, 60, 99, 156]
[1566152, 60, 99, 156]
[1566323, 60, 99, 156]
[1566436, 60, 99, 156]
[1566495, 60, 99, 156]
[1566534, 60, 99, 156]
[1566734, 60, 99, 156]
[1566861, 60, 99, 156]
[1566885, 60, 99, 156]
[1567157, 60, 99, 156]
[1567314, 60, 99, 156]
[1567187, 60, 99, 156]
[1567519, 60, 99, 156]
[1567756, 60, 99, 156]
[1567763, 60, 99, 156]
[1567692, 60, 99, 156]
[1567919, 60, 99, 156]
[1568238, 60, 99, 156]
[1568251, 60, 99, 156]
[1568199, 60, 99, 156]
[1568163, 60, 99, 156]
[1568381, 60, 99, 156]
[1568586, 60, 99, 156]
[1568541, 60, 99, 156]
[1568662, 60, 99, 156]
[1568772, 60, 99, 156]
[1568822, 60, 99, 156]
[1568828, 60, 99, 156]
[1569103, 60, 99, 156]
[1569115, 60, 99, 156]
[1569245, 60, 99, 156]
[1569006, 60, 99, 156]
[1569493, 60, 99, 156]
[1569392, 60, 99, 156]
[1569524, 60, 99, 156]
[1569562, 60, 99, 156]
[1569816, 60, 99, 156]
[1569577, 60, 99, 156]
[1569606, 60, 99, 156]
[1569535, 60, 99, 156]
[1569910, 60, 99, 156]
[1570050, 60, 99, 156]
[1570029, 60, 99, 156]
[1570318, 60, 99, 156]
[1570307, 60, 99, 156]
[1570269, 60, 99, 156]
[1570526, 60, 99, 156]
[1570458, 60, 99, 156]
[1570658, 60, 99, 156]
[1570725, 60, 99, 156]
[1570902, 60, 99, 156]
[1571072, 60, 99, 156]
[1571138, 60, 99, 156]
[1571212, 60, 99, 156]
[1571406, 60, 99, 156]
[1571538, 60, 99, 156]
[1571689, 60, 99, 156]
[1571667, 60, 99, 156]
[1571822, 60, 99, 156]
[1571909, 60, 99, 156]
[1572042, 60, 99, 156]
[1572174, 60, 99, 156]
[1572252, 60, 99, 156]
[1572601, 60, 99, 156]
[1572751, 60, 99, 156]
[1572736, 60, 99, 156]
[1572794, 60, 99, 156]
[1572989, 60, 99, 156]
[1572954, 60, 99, 156]
[1573252, 60, 99, 156]
[1573395, 60, 99, 156]
[1573375, 60, 99, 156]
[1573469, 60, 99, 156]
[1573924, 60, 99, 156]
[1573618, 60, 99, 156]
[1573777, 60, 99, 156]
[1574003, 60, 99, 156]
[1574068, 60, 99, 156]
[1574221, 60, 99, 156]
[1574594, 60, 99, 156]
[1574583, 60, 99, 156]
[1574622, 60, 99, 156]
[1574668, 60, 99, 156]
[1574939, 60, 99, 156]
[1575102, 60, 99, 156]
[1575049, 60, 99, 156]
[1574933, 60, 99, 156]
[1575103, 60, 99, 156]
[1575301, 60, 99, 156]
[1575502, 60, 99, 156]
[1575596, 60, 99, 156]
[1575695, 60, 99, 156]
[1575841, 60, 99, 156]
[1575953, 60, 99, 156]
[1575867, 60, 99, 156]
[1576150, 60, 99, 156]
[1576167, 60, 99, 156]
[1576381, 60, 99, 156]
[1576357, 60, 99, 156]
[1576313, 60, 99, 156]
[1576584, 60, 99, 156]
[1576814, 60, 99, 156]
[1576876, 60, 99, 156]
[1576951, 60, 99, 156]
[1577038, 60, 99, 156]
[1577149, 60, 99, 156]
[1577298, 60, 99, 156]
[1577364, 60, 99, 156]
[1577532, 60, 99, 156]
[1577467, 60, 99, 156]
[1577648, 60, 99, 156]
[1577632, 60, 99, 156]
[1578004, 60, 99, 156]
[1578041, 60, 99, 156]
[1578132, 60, 99, 156]
[1578286, 60, 99, 156]
[1578260, 60, 99, 156]
[1578194, 60, 99, 156]
[1578353, 60, 99, 156]
[1578591, 60, 99, 156]
[1578541, 60, 99, 156]
[1578501, 60, 99, 156]
[1578551, 60, 99, 156]
[1578767, 60, 99, 156]
[1578742, 60, 99, 156]
[1578882, 60, 99, 156]
[1578955, 60, 99, 156]
[1579267, 60, 99, 156]
[1579286, 60, 99, 156]
[1579134, 60, 99, 156]
[1579413, 60, 99, 156]
[1579517, 60, 99, 156]
[1579675, 60, 99, 156]
[1579757, 60, 99, 156]
[1579904, 60, 99, 156]
[1580006, 60, 99, 156]
[1580363, 60, 99, 156]
[1580279, 60, 99, 156]
[1580450, 60, 99, 156]
[1580655, 60, 99, 156]
[1580779, 60, 99, 156]
[1580205, 60, 99, 156]
[1579796, 60, 99, 156]
[1578914, 60, 99, 156]
[1577976, 60, 99, 156]
[1576660, 60, 99, 156]
[1575184, 60, 99, 156]
[1573834, 60, 99, 156]
[1572601, 60, 99, 156]
[1571749, 60, 99, 156]
[1570360, 60, 99, 156]
[1569518, 60, 99, 156]
[1568795, 60, 99, 156]
[1567882, 60, 99, 156]
[1567453, 60, 99, 156]
[1566457, 60, 99, 156]
[1566226, 60, 99, 156]
[1565703, 60, 99, 156]
[1565282, 60, 99, 156]
[1564680, 60, 99, 156]
[1564900, 60, 99, 156]
[1564598, 60, 99, 156]
[1564348, 60, 99, 156]
[1564203, 60, 99, 156]
[1564380, 60, 99, 156]
[1564367, 60, 99, 156]
[1564246, 60, 99, 156]
[1564243, 60, 99, 156]
[1564532, 60, 99, 156]
[1564337, 60, 99, 156]
[1564565, 60, 99, 156]
[1564661, 60, 99, 156]
[1564570, 60, 99, 156]
[1564445, 60, 99, 156]
[1564663, 60, 99, 156]
[1564726, 60, 99, 156]
[1564395, 60, 99, 156]
[1564461, 60, 99, 156]
[1564177, 60, 99, 156]
[1564435, 60, 99, 156]
[1564212, 60, 99, 156]
[1563976, 60, 99, 156]
[1563854, 60, 99, 156]
[1563862, 60, 99, 156]
[1563850, 60, 99, 156]
[1563740, 60, 99, 156]
[1563579, 60, 99, 156]
[1563615, 60, 99, 156]
[1563733, 60, 99, 156]
[1563475, 60, 99, 156]
[1563697, 60, 99, 156]
[1563898, 60, 99, 156]
[1563897, 60, 99, 156]
[1564209, 60, 99, 156]
[1564200, 60, 99, 156]
[1564198, 60, 99, 156]
[1564177, 60, 99, 156]
[1564203, 60, 99, 156]
[1564290, 60, 99, 156]
[1564326, 60, 99, 156]
[1564235, 60, 99, 156]
[1564156, 60, 99, 156]
[1564030, 60, 99, 156]
[1563964, 60, 99, 156]
[1563898, 60, 99, 156]
[1563854, 60, 99, 156]
[1563755, 60, 99, 156]
[1563772, 60, 99, 156]
[1563787, 60, 99, 156]
[1563490, 60, 99, 156]
[1563562, 60, 99, 156]
[1563731, 60, 99, 156]
[1563593, 60, 99, 156]
[1563577, 60, 99, 156]
[1563790, 60, 99, 156]
[1563685, 60, 99, 156]
[1563886, 60, 99, 156]
[1563785, 60, 99, 156]
[1563810, 60, 99, 156]
[1563890, 60, 99, 156]
[1564047, 60, 99, 156]
[1564023, 60, 99, 156]
[1564212, 60, 99, 156]
[1564254, 60, 99, 156]
[1564402, 60, 99, 156]
[1564316, 60, 99, 156]
[1564441, 60, 99, 156]
[1564748, 60, 99, 156]
[1564770, 60, 99, 156]
[1564893, 60, 99, 156]
[1565147, 60, 99, 156]
[1564919, 60, 99, 156]
[1565182, 60, 99, 156]
[1565297, 60, 99, 156]
[1565354, 60, 99, 156]
[1565653, 60, 99, 156]
[1565883, 60, 99, 156]
[1565831, 60, 99, 156]
[1565900, 60, 99, 156]
[1565936, 60, 98, 163]
[1566076, 60, 98, 163]
[1566186, 60, 98, 163]
[1566208, 60, 98, 163]
[1566523, 60, 98, 163]
[1566226, 60, 98, 163]
[1566501, 60, 98, 163]
[1566589, 60, 98, 163]
[1566849, 60, 98, 163]
[1566941, 60, 98, 163]
[1567003, 60, 98, 163]
[1567142, 60, 98, 163]
[1567240, 60, 98, 163]
[1567355, 60, 98, 163]
[1567435, 60, 98, 163]
[1567403, 60, 98, 163]
[1567619, 60, 98, 163]
[1567573, 60, 98, 163]
[1567538, 60, 98, 163]
[1567786, 60, 98, 163]
[1567849, 60, 98, 163]
[1568024, 60, 98, 163]
[1568023, 60, 98, 163]
[1568102, 60, 98, 163]
[1568087, 60, 98, 163]
[1568336, 60, 98, 163]
[1568287, 60, 98, 163]
[1568408, 60, 98, 163]
[1568692, 60, 98, 163]
[1568527, 60, 98, 163]
[1568524, 60, 98, 163]
[1568517, 60, 98, 163]
[1568994, 60, 98, 163]
[1568696, 60, 98, 163]
[1568814, 60, 98, 163]
[1569014, 60, 98, 163]
[1568863, 60, 98, 163]
[1569122, 60, 98, 163]
[1568985, 60, 98, 163]
[1569272, 60, 98, 163]
[1569202, 60, 98, 163]
[1569292, 60, 98, 163]
[1569325, 60, 98, 163]
[1569360, 60, 98, 163]
[1569710, 60, 98, 163]
[1569720, 60, 98, 163]
[1569680, 60, 98, 163]
[1569632, 60, 98, 163]
[1570253, 60, 98, 163]
[1570064, 60, 98, 163]
[1570345, 60, 98, 163]
[1570268, 60, 98, 163]
[1570264, 60, 98, 163]
[1570653, 60, 98, 163]
[1570639, 60, 98, 163]
[1570736, 60, 98, 163]
[1571003, 60, 98, 163]
[1571030, 60, 98, 163]
[1571206, 60, 98, 163]
[1571098, 60, 98, 163]
[1571399, 60, 98, 163]
[1571593, 60, 98, 163]
[1571448, 60, 98, 163]
[1571738, 60, 98, 163]
[1571828, 60, 98, 163]
[1571985, 60, 98, 163]
[1572194, 60, 98, 163]
[1572072, 60, 98, 163]
[1572465, 60, 98, 163]
[1572538, 60, 98, 163]
[1572649, 60, 98, 163]
[1572746, 60, 98, 163]
[1572794, 60, 98, 163]
[1572827, 60, 98, 163]
[1572851, 60, 98, 163]
[1573241, 60, 98, 163]
[1573311, 60, 98, 163]
[1573373, 60, 98, 163]
[1573406, 60, 98, 163]
[1573644, 60, 98, 163]
[1574012, 60, 98, 163]
[1573871, 60, 98, 163]
[1573934, 60, 98, 163]
[1573837, 60, 98, 163]
[1574230, 60, 98, 163]
[1574272, 60, 98, 163]
[1574340, 60, 98, 163]
[1574310, 60, 98, 163]
[1574698, 60, 98, 163]
[1574541, 60, 98, 163]
[1574491, 60, 98, 163]
[1574779, 60, 98, 163]
[1575001, 60, 98, 163]
[1574791, 60, 98, 163]
[1574954, 60, 98, 163]
[1575059, 60, 98, 163]
[1575180, 60, 98, 163]
[1575208, 60, 98, 163]
[1575327, 60, 98, 163]
[1575451, 60, 98, 163]
[1575561, 60, 98, 163]
[1575565, 60, 98, 163]
[1575444, 60, 98, 163]
[1575828, 60, 98, 163]
[1575904, 60, 98, 163]
[1575884, 60, 98, 163]
[1575847, 60, 98, 163]
[1576168, 60, 98, 163]
[1576376, 60, 98, 163]
[1576532, 60, 98, 163]
[1576607, 60, 98, 163]
[1576702, 60, 98, 163]
[1576751, 60, 98, 163]
[1577009, 60, 98, 163]
[1577257, 60, 98, 163]
[1577085, 60, 98, 163]
[1577187, 60, 98, 163]
[1577319, 60, 98, 163]
[1577031, 60, 98, 163]
[1577028, 60, 98, 163]
[1576607, 60, 98, 163]
[1575790, 60, 98, 163]
[1574825, 60, 98, 163]
[1573998, 60, 98, 163]
[1572936, 60, 98, 163]
[1571650, 60, 98, 163]
[1570781, 60, 98, 163]
[1569779, 60, 98, 163]
[1569023, 60, 98, 163]
[1568029, 60, 98, 163]
[1567276, 60, 98, 163]
[1566454, 60, 98, 163]
[1566069, 60, 98, 163]
[1565346, 60, 98, 163]
[1564802, 60, 98, 163]
[1564453, 60, 98, 163]
[1564283, 60, 98, 163]
[1563860, 60, 98, 163]
[1563547, 60, 98, 163]
[1563634, 60, 98, 163]
[1563308, 60, 98, 163]
[1563479, 60, 98, 163]
[1563526, 60, 98, 163]
[1563518, 60, 98, 163]
[1563588, 60, 98, 163]
[1563346, 60, 98, 163]
[1563676, 60, 98, 163]
[1563641, 60, 98, 163]
[1563837, 60, 98, 163]
[1563740, 60, 98, 163]
[1563834, 60, 98, 163]
[1564000, 60, 98, 163]
[1564047, 60, 98, 163]
[1563789, 60, 98, 163]
[1563944, 60, 98, 163]
[1563878, 60, 98, 163]
[1563759, 60, 98, 163]
[1563701, 60, 98, 163]
[1563678, 60, 98, 163]
[1563477, 60, 98, 163]
[1563473, 60, 98, 163]
[1563289, 60, 98, 163]
[1563260, 60, 98, 163]
[1563190, 60, 98, 163]
[1563302, 60, 98, 163]
[1563134, 60, 98, 163]
[1563391, 60, 98, 163]
[1563492, 60, 98, 163]
[1563712, 60, 98, 163]
[1563893, 60, 98, 163]
[1563876, 60, 98, 163]
[1563938, 60, 98, 163]
[1564026, 60, 98, 163]
[1564190, 60, 98, 163]
[1563983, 60, 98, 163]
[1564382, 60, 98, 163]
[1564155, 60, 98, 163]
[1564159, 60, 98, 163]
[1564096, 60, 98, 163]
[1564066, 60, 98, 163]
[1564069, 60, 98, 163]
[1563844, 60, 98, 163]
[1563658, 60, 98, 163]
[1563721, 60, 98, 163]
[1563580, 60, 98, 163]
[1563574, 60, 98, 163]
[1563439, 60, 98, 163]
[1563810, 60, 98, 163]
[1563469, 60, 98, 163]
[1563448, 60, 98, 163]
[1563348, 60, 98, 163]
[1563627, 60, 98, 163]
[1563585, 60, 98, 163]
[1563528, 60, 98, 163]
[1563682, 60, 98, 163]
[1563686, 60, 98, 163]
[1563757, 60, 98, 163]
[1563863, 60, 98, 163]
[1563889, 60, 98, 163]
[1564120, 60, 98, 163]
[1564290, 60, 98, 163]
[1564434, 60, 98, 163]
[1564416, 60, 98, 163]
[1564354, 60, 98, 163]
[1564761, 60, 98, 163]
[1564740, 60, 98, 163]
[1564910, 60, 98, 163]
[1565077, 60, 98, 163]
[1565312, 60, 98, 163]
[1565166, 60, 98, 163]
[1565404, 60, 98, 163]
[1565661, 60, 98, 163]
[1565785, 60, 98, 163]
[1565724, 60, 98, 163]
[1565928, 60, 98, 163]
[1566167, 60, 98, 163]
[1566320, 60, 98, 163]
[1566347, 60, 98, 163]
[1566633, 60, 98, 163]
[1566534, 60, 98, 163]
[1566695, 60, 98, 163]
[1566705, 60, 98, 163]
[1566994, 60, 98, 163]
[1566917, 60, 98, 163]
[1567175, 60, 98, 163]
[1567286, 60, 98, 163]
[1567291, 60, 98, 163]
[1567493, 60, 98, 163]
[1567727, 60, 98, 163]
[1567756, 60, 98, 163]
[1567839, 60, 98, 163]
[1567996, 60, 98, 163]
[1568033, 60, 98, 163]
[1568112, 60, 98, 163]
[1568251, 60, 98, 163]
[1568554, 60, 98, 163]
[1568339, 60, 98, 163]
[1568591, 60, 98, 163]
[1568545, 60, 98, 163]
[1568767, 60, 98, 163]
[1568974, 60, 98, 163]
[1568867, 60, 98, 163]
[1568923, 60, 98, 163]
[1568938, 60, 98, 163]
[1569030, 60, 98, 163]
[1569067, 60, 98, 163]
[1569073, 60, 98, 163]
[1569282, 60, 98, 163]
[1569215, 60, 98, 163]
[1569460, 60, 98, 163]
[1569490, 60, 98, 163]
[1569462, 60, 98, 163]
[1570031, 60, 98, 163]
[1570007, 60, 98, 163]
[1569848, 60, 98, 163]
[1570050, 60, 98, 163]
[1569885, 60, 98, 169]
[1569967, 60, 98, 169]
[1570303, 60, 98, 169]
[1570469, 60, 98, 169]
[1570505, 60, 98, 169]
[1570586, 60, 98, 169]
[1570737, 60, 98, 169]
[1570848, 60, 98, 169]
[1570905, 60, 98, 169]
[1571132, 60, 98, 169]
[1570939, 60, 98, 169]
[1571271, 60, 98, 169]
[1571519, 60, 98, 169]
[1571464, 60, 98, 169]
[1571631, 60, 98, 169]
[1571813, 60, 98, 169]
[1571847, 60, 98, 169]
[1572025, 60, 98, 169]
[1572340, 60, 98, 169]
[1572304, 60, 98, 169]
[1572446, 60, 98, 169]
[1572572, 60, 98, 169]
[1572776, 60, 98, 169]
[1572865, 60, 98, 169]
[1572741, 60, 98, 169]
[1573045, 60, 98, 169]
[1573190, 60, 98, 169]
[1573402, 60, 98, 169]
[1573410, 60, 98, 169]
[1573380, 60, 98, 169]
[1573923, 60, 98, 169]
[1573883, 60, 98, 169]
[1574024, 60, 98, 169]
[1574026, 60, 98, 169]
[1573958, 60, 98, 169]
[1574521, 60, 98, 169]
[1574645, 60, 98, 169]
[1574564, 60, 98, 169]
[1574641, 60, 98, 169]
[1574982, 60, 98, 169]
[1574876, 60, 98, 169]
[1575073, 60, 98, 169]
[1575271, 60, 98, 169]
[1575415, 60, 98, 169]
[1575504, 60, 98, 169]
[1575538, 60, 98, 169]
[1575489, 60, 98, 169]
[1575760, 60, 98, 169]
[1575854, 60, 98, 169]
[1575948, 60, 98, 169]
[1576135, 60, 98, 169]
[1576333, 60, 98, 169]
[1576364, 60, 98, 169]
[1576206, 60, 98, 169]
[1576471, 60, 98, 169]
[1576446, 60, 98, 169]
[1576613, 60, 98, 169]
[1576879, 60, 98, 169]
[1576858, 60, 98, 169]
[1576897, 60, 98, 169]
[1577114, 60, 98, 169]
[1576985, 60, 98, 169]
[1577268, 60, 98, 169]
[1577291, 60, 98, 169]
[1577384, 60, 98, 169]
[1577602, 60, 98, 169]
[1577580, 60, 98, 169]
[1577563, 60, 98, 169]
[1577978, 60, 98, 169]
[1577825, 60, 98, 169]
[1577993, 60, 98, 169]
[1577998, 60, 98, 169]
[1578137, 60, 98, 169]
[1578126, 60, 98, 169]
[1578516, 60, 98, 169]
[1578513, 60, 98, 169]
[1578426, 60, 98, 169]
[1578621, 60, 98, 169]
[1578902, 60, 98, 169]
[1579023, 60, 98, 169]
[1579005, 60, 98, 169]
[1579252, 60, 98, 169]
[1579595, 60, 98, 169]
[1579640, 60, 98, 169]
[1579756, 60, 98, 169]
[1579798, 60, 98, 169]
[1579974, 60, 98, 169]
[1579978, 60, 98, 169]
[1579853, 60, 98, 169]
[1579928, 60, 98, 169]
[1579292, 60, 98, 169]
[1578659, 60, 98, 169]
[1577714, 60, 98, 169]
[1576342, 60, 98, 169]
[1574998, 60, 98, 169]
[1573719, 60, 98, 169]
[1572616, 60, 98, 169]
[1571253, 60, 98, 169]
[1570335, 60, 98, 169]
[1569508, 60, 98, 169]
[1568415, 60, 98, 169]
[1567723, 60, 98, 169]
[1567304, 60, 98, 169]
[1566655, 60, 98, 169]
[1565915, 60, 98, 169]
[1565621, 60, 98, 169]
[1565357, 60, 98, 169]
[1565078, 60, 98, 169]
[1564753, 60, 98, 169]
[1564635, 60, 98, 169]
[1564478, 60, 98, 169]
[1564437, 60, 98, 169]
[1564465, 60, 98, 169]
[1564331, 60, 98, 169]
[1564663, 60, 98, 169]
[1564524, 60, 98, 169]
[1564349, 60, 98, 169]
[1564591, 60, 98, 169]
[1564651, 60, 98, 169]
[1564715, 60, 98, 169]
[1565025, 60, 98, 169]
[1565152, 60, 98, 169]
[1564954, 60, 98, 169]
[1565011, 60, 98, 169]
[1565107, 60, 98, 169]
[1565117, 60, 98, 169]
[1564898, 60, 98, 169]
[1564972, 60, 98, 169]
[1564789, 60, 98, 169]
[1564703, 60, 98, 169]
[1564552, 60, 98, 169]
[1564698, 60, 98, 169]
[1564357, 60, 98, 169]
[1564533, 60, 98, 169]
[1564442, 60, 98, 169]
[1564280, 60, 98, 169]
[1564373, 60, 98, 169]
[1564427, 60, 98, 169]
[1564559, 60, 98, 169]
[1564599, 60, 98, 169]
[1564884, 60, 98, 169]
[1564798, 60, 98, 169]
[1564953, 60, 98, 169]
[1565005, 60, 98, 169]
[1565029, 60, 98, 169]
[1565166, 60, 98, 169]
[1565077, 60, 98, 169]
[1565067, 60, 98, 169]
[1564979, 60, 98, 169]
[1564923, 60, 98, 169]
[1565090, 60, 98, 169]
[1564770, 60, 98, 169]
[1564829, 60, 98, 169]
[1564766, 60, 98, 169]
[1564749, 60, 98, 169]
[1564516, 60, 98, 169]
[1564587, 60, 98, 169]
[1564494, 60, 98, 169]
[1564480, 60, 98, 169]
[1564337, 60, 98, 169]
[1564373, 60, 98, 169]
[1564469, 60, 98, 169]
[1564576, 60, 98, 169]
[1564461, 60, 98, 169]
[1564409, 60, 98, 169]
[1564523, 60, 98, 169]
[1564674, 60, 98, 169]
[1564621, 60, 98, 169]
[1564605, 60, 98, 169]
[1564742, 60, 98, 169]
[1564790, 60, 98, 169]
[1564885, 60, 98, 169]
[1565204, 60, 98, 169]
[1565035, 60, 98, 169]
[1565213, 60, 98, 169]
[1565357, 60, 98, 169]
[1565710, 60, 98, 169]
[1565852, 60, 98, 169]
[1565751, 60, 98, 169]
[1565809, 60, 98, 169]
[1565791, 60, 98, 169]
[1566233, 60, 98, 169]
[1566262, 60, 98, 169]
[1566450, 60, 98, 169]
[1566595, 60, 98, 169]
[1566499, 60, 98, 169]
[1566811, 60, 98, 169]
[1566615, 60, 98, 169]
[1567030, 60, 98, 169]
[1567202, 60, 98, 169]
[1567170, 60, 98, 169]
[1567210, 60, 98, 169]
[1567450, 60, 98, 169]
[1567697, 60, 98, 169]
[1567657, 60, 98, 169]
[1567752, 60, 98, 169]
[1567993, 60, 98, 169]
[1567983, 60, 98, 169]
[1567962, 60, 98, 169]
[1568158, 60, 98, 169]
[1568493, 60, 98, 169]
[1568330, 60, 98, 169]
[1568311, 60, 98, 169]
[1568755, 60, 98, 169]
[1568737, 60, 98, 169]
[1568889, 60, 98, 169]
[1568943, 60, 98, 169]
[1569204, 60, 98, 169]
[1569107, 60, 98, 169]
[1569166, 60, 98, 169]
[1569177, 60, 98, 169]
[1569543, 60, 98, 169]
[1569302, 60, 98, 169]
[1569695, 60, 98, 169]
[1569663, 60, 98, 169]
[1569592, 60, 98, 169]
[1569782, 60, 98, 169]
[1569838, 60, 98, 169]
[1569735, 60, 98, 169]
[1569878, 60, 98, 169]
[1569999, 60, 98, 169]
[1570076, 60, 98, 169]
[1570053, 60, 98, 169]
[1570103, 60, 98, 169]
[1570430, 60, 98, 169]
[1570315, 60, 98, 169]
[1570662, 60, 98, 169]
[1570469, 60, 98, 169]
[1570848, 60, 98, 169]
[1570901, 60, 98, 169]
[1570864, 60, 98, 169]
[1570842, 60, 98, 169]
[1571076, 60, 98, 169]
[1571126, 60, 98, 169]
[1571373, 60, 98, 169]
[1571329, 60, 98, 169]
[1571399, 60, 98, 169]
[1571440, 60, 98, 169]
[1571620, 60, 98, 169]
[1571864, 60, 98, 169]
[1572021, 60, 98, 169]
[1572143, 60, 98, 169]
[1572272, 60, 98, 169]
[1572489, 60, 98, 169]
[1572431, 60, 98, 169]
[1572428, 60, 98, 169]
[1572669, 60, 98, 169]
[1572774, 60, 98, 169]
[1573049, 60, 98, 169]
[1573047, 60, 98, 169]
[1573327, 60, 98, 169]
[1573301, 60, 98, 169]
[1573508, 60, 98, 169]
[1573512, 60, 98, 169]
[1573960, 60, 98, 169]
[1573888, 60, 98, 169]
[1573964, 56, 98, 169]
[1574160, 56, 98, 169]
[1574255, 56, 98, 169]
[1574399, 56, 98, 169]
[1574485, 56, 98, 169]
[1574645, 56, 98, 169]
[1574860, 56, 98, 169]
[1575026, 56, 98, 169]
[1575146, 56, 98, 169]
[1575149, 56, 98, 169]
[1575371, 56, 98, 169]
[1575350, 56, 98, 169]
[1575436, 56, 98, 169]
[1575693, 56, 98, 169]
[1575854, 56, 98, 169]
[1575873, 56, 98, 169]
[1575929, 56, 98, 169]
[1575957, 56, 98, 169]
[1576016, 56, 98, 169]
[1576376, 56, 98, 169]
[1576365, 56, 98, 169]
[1576494, 56, 98, 169]
[1576689, 56, 98, 169]
[1576681, 56, 98, 169]
[1576842, 56, 98, 169]
[1577015, 56, 98, 169]
[1576955, 56, 98, 169]
[1577056, 56, 98, 169]
[1577189, 56, 98, 169]
[1577398, 56, 98, 169]
[1577470, 56, 98, 169]
[1577515, 56, 98, 169]
[1577582, 56, 98, 169]
[1577802, 56, 98, 169]
[1577746, 56, 98, 169]
[1577741, 56, 98, 169]
[1577840, 56, 98, 169]
[1578041, 56, 98, 169]
[1578177, 56, 98, 169]
[1577982, 56, 98, 169]
[1578156, 56, 98, 169]
[1578295, 56, 98, 169]
[1578331, 56, 98, 169]
[1578552, 56, 98, 169]
[1578541, 56, 98, 169]
[1578716, 56, 98, 169]
[1578926, 56, 98, 169]
[1578844, 56, 98, 169]
[1579017, 56, 98, 169]
[1579508, 56, 98, 169]
[1579450, 56, 98, 169]
[1579567, 56, 98, 169]
[1579673, 56, 98, 169]
[1579749, 56, 98, 169]
[1579969, 56, 98, 169]
[1579810, 56, 98, 169]
[1580107, 56, 98, 169]
[1579740, 56, 98, 169]
[1579021, 56, 98, 169]
[1578131, 56, 98, 169]
[1577229, 56, 98, 169]
[1575885, 56, 98, 169]
[1574564, 56, 98, 169]
[1573275, 56, 98, 169]
[1572075, 56, 98, 169]
[1571010, 56, 98, 169]
[1570055, 56, 98, 169]
[1568886, 56, 98, 169]
[1568402, 56, 98, 169]
[1567536, 56, 98, 169]
[1567099, 56, 98, 169]
[1566685, 56, 98, 169]
[1566078, 56, 98, 169]
[1565683, 56, 98, 169]
[1565212, 56, 98, 169]
[1565021, 56, 98, 169]
[1564845, 56, 98, 169]
[1564911, 56, 98, 169]
[1564782, 56, 98, 169]
[1564656, 56, 98, 169]
[1564887, 56, 98, 169]
[1564646, 56, 98, 169]
[1564727, 56, 98, 169]
[1564819, 56, 98, 169]
[1565003, 56, 98, 169]
[1565160, 56, 98, 169]
[1565168, 56, 98, 169]
[1565290, 56, 98, 169]
[1565433, 56, 98, 169]
[1565452, 56, 98, 169]
[1565450, 56, 98, 169]
[1565416, 56, 98, 169]
[1565614, 56, 98, 169]
[1565538, 56, 98, 169]
[1565429, 56, 98, 169]
[1565263, 56, 98, 169]
[1565397, 56, 98, 169]
[1565179, 56, 98, 169]
[1565094, 56, 98, 169]
[1564915, 56, 98, 169]
[1564990, 56, 98, 169]
[1564804, 56, 98, 169]
[1564704, 56, 98, 169]
[1564774, 56, 98, 169]
[1565158, 56, 98, 169]
[1564924, 56, 98, 169]
[1564906, 56, 98, 169]
[1565117, 56, 98, 169]
[1565423, 56, 98, 169]
[1565418, 56, 98, 169]
[1565428, 56, 98, 169]
[1565512, 56, 98, 169]
[1565413, 56, 98, 169]
[1565798, 56, 98, 169]
[1565438, 56, 98, 169]
[1565382, 56, 98, 169]
[1565471, 56, 98, 169]
[1565363, 56, 98, 169]
[1565136, 56, 98, 169]
[1565150, 56, 98, 169]
[1564908, 56, 98, 169]
[1565149, 56, 98, 169]
[1564817, 56, 98, 169]
[1565109, 56, 98, 169]
[1564895, 56, 98, 169]
[1564614, 56, 98, 169]
[1564745, 56, 98, 169]
[1564842, 56, 98, 169]
[1564839, 56, 98, 169]
[1564877, 56, 98, 169]
[1564736, 56, 98, 169]
[1564876, 56, 98, 169]
[1564800, 56, 98, 169]
[1564957, 56, 98, 169]
[1565049, 56, 98, 169]
[1564855, 56, 98, 169]
[1565035, 56, 98, 169]
[1565259, 56, 98, 169]
[1565068, 56, 98, 169]
[1565171, 56, 98, 169]
[1565368, 56, 98, 169]
[1565358, 56, 98, 169]
[1565970, 56, 98, 169]
[1565830, 56, 98, 169]
[1565888, 56, 98, 169]
[1566196, 56, 98, 169]
[1566358, 56, 98, 169]
[1566207, 56, 98, 169]
[1566472, 56, 98, 169]
[1566440, 56, 98, 169]
[1566743, 56, 98, 169]
[1566737, 56, 98, 169]
[1566942, 56, 98, 169]
[1567171, 56, 98, 169]
[1567185, 56, 98, 169]
[1567375, 56, 98, 169]
[1567427, 56, 98, 169]
[1567498, 56, 98, 169]
[1567841, 56, 98, 169]
[1567669, 56, 98, 169]
[1567869, 56, 98, 169]
[1568052, 56, 98, 169]
[1568033, 56, 98, 169]
[1568215, 56, 98, 169]
[1568238, 56, 98, 169]
[1568299, 56, 98, 169]
[1568368, 56, 98, 169]
[1568760, 56, 98, 169]
[1568524, 56, 98, 169]
[1568667, 56, 98, 169]
[1568948, 56, 98, 169]
[1568838, 56, 98, 169]
[1568938, 56, 98, 169]
[1569003, 56, 98, 169]
[1569094, 56, 98, 169]
[1569144, 56, 98, 169]
[1569367, 56, 98, 169]
[1569545, 56, 98, 169]
[1569487, 56, 98, 169]
[1569481, 56, 98, 169]
[1569708, 56, 98, 169]
[1569746, 56, 98, 169]
[1569581, 56, 98, 169]
[1569733, 56, 98, 169]
[1569948, 56, 98, 169]
[1569778, 56, 98, 169]
[1569916, 56, 98, 169]
[1570048, 56, 98, 169]
[1570085, 56, 98, 169]
[1570036, 56, 98, 169]
[1570138, 56, 98, 169]
[1570185, 56, 98, 169]
[1570208, 56, 98, 169]
[1570527, 56, 98, 169]
[1570398, 56, 98, 169]
[1570625, 56, 98, 169]
[1570844, 56, 98, 169]
[1570628, 56, 98, 169]
[1570803, 56, 98, 169]
[1570863, 56, 98, 169]
[1570780, 56, 98, 169]
[1571068, 56, 98, 169]
[1571314, 56, 98, 169]
[1571360, 56, 98, 169]
[1571518, 56, 98, 169]
[1571394, 56, 98, 169]
[1571753, 56, 98, 169]
[1571842, 56, 98, 169]
[1571906, 56, 98, 169]
[1571883, 56, 98, 169]
[1572060, 56, 98, 169]
[1572130, 56, 98, 169]
[1572177, 56, 98, 169]
[1572175, 56, 98, 169]
[1572420, 56, 98, 169]
[1572645, 56, 98, 169]
[1572747, 56, 98, 169]
[1572619, 56, 98, 169]
[1572863, 56, 98, 169]
[1573032, 56, 98, 169]
[1572764, 56, 98, 169]
[1573187, 56, 98, 169]
[1573305, 56, 98, 169]
[1573521, 56, 98, 169]
[1573492, 56, 98, 169]
[1573506, 56, 98, 169]
[1573462, 56, 98, 169]
[1573665, 56, 98, 169]
[1573613, 56, 98, 169]
[1573990, 56, 98, 169]
[1574111, 56, 98, 169]
[1574366, 56, 98, 169]
[1574166, 56, 98, 169]
[1574368, 56, 98, 169]
[1574226, 56, 98, 169]
[1574553, 56, 98, 169]
[1574591, 56, 98, 169]
[1574716, 56, 98, 169]
[1574835, 56, 98, 169]
[1575016, 56, 98, 169]
[1575231, 56, 98, 169]
[1575233, 56, 98, 169]
[1575244, 56, 98, 169]
[1575536, 56, 98, 169]
[1575780, 56, 98, 169]
[1575608, 56, 98, 169]
[1575586, 56, 98, 169]
[1575898, 56, 98, 169]
[1576126, 56, 98, 169]
[1575961, 56, 98, 169]
[1576121, 56, 98, 169]
[1575873, 56, 98, 169]
[1575901, 56, 98, 169]
[1575415, 56, 98, 169]
[1574433, 56, 98, 169]
[1573660, 56, 98, 169]
[1572465, 54, 98, 163]
[1571271, 54, 98, 163]
[1570232, 54, 98, 163]
[1569505, 54, 98, 163]
[1568719, 54, 98, 163]
[1567727, 54, 98, 163]
[1566698, 54, 98, 163]
[1565999, 54, 98, 163]
[1565321, 54, 98, 163]
[1565015, 54, 98, 163]
[1564478, 54, 98, 163]
[1564003, 54, 98, 163]
[1563867, 54, 98, 163]
[1563394, 54, 98, 163]
[1563332, 54, 98, 163]
[1563070, 54, 98, 163]
[1563227, 54, 98, 163]
[1563219, 54, 98, 163]
[1562927, 54, 98, 163]
[1563027, 54, 98, 163]
[1563105, 54, 98, 163]
[1563166, 54, 98, 163]
[1563039, 54, 98, 163]
[1563488, 54, 98, 163]
[1563480, 54, 98, 163]
[1563799, 54, 98, 163]
[1563828, 54, 98, 163]
[1563702, 54, 98, 163]
[1563813, 54, 98, 163]
[1564054, 54, 98, 163]
[1564074, 54, 98, 163]
[1564083, 54, 98, 163]
[1564058, 54, 98, 163]
[1563989, 54, 98, 163]
[1563977, 54, 98, 163]
[1563953, 54, 98, 163]
[1563964, 54, 98, 163]
[1564081, 54, 98, 163]
[1563973, 54, 98, 163]
[1563906, 54, 98, 163]
[1564121, 54, 98, 163]
[1564151, 54, 98, 163]
[1564293, 54, 98, 163]
[1564277, 54, 98, 163]
[1564510, 54, 98, 163]
[1564396, 54, 98, 163]
[1564465, 54, 98, 163]
[1564798, 54, 98, 163]
[1564580, 54, 98, 163]
[1564583, 54, 98, 163]
[1564810, 54, 98, 163]
[1564720, 54, 98, 163]
[1564756, 54, 98, 163]
[1564471, 54, 98, 163]
[1564339, 54, 98, 163]
[1564343, 54, 98, 163]
[1564198, 54, 98, 163]
[1564096, 54, 98, 163]
[1564104, 54, 98, 163]
[1563957, 54, 98, 163]
[1563815, 54, 98, 163]
[1563564, 54, 98, 163]
[1563750, 54, 98, 163]
[1563797, 54, 98, 163]
[1563599, 54, 98, 163]
[1563490, 54, 98, 163]
[1563697, 54, 98, 163]
[1563604, 54, 98, 163]
[1563597, 54, 98, 163]
[1563677, 54, 98, 163]
[1563695, 54, 98, 163]
[1563801, 54, 98, 163]
[1563905, 54, 98, 163]
[1563850, 54, 98, 163]
[1564030, 54, 98, 163]
[1564032, 54, 98, 163]
[1564238, 54, 98, 163]
[1564235, 54, 98, 163]
[1564531, 54, 98, 163]
[1564467, 54, 98, 163]
[1564589, 54, 98, 163]
[1564773, 54, 98, 163]
[1564810, 54, 98, 163]
[1565073, 54, 98, 163]
[1565174, 54, 98, 163]
[1565157, 54, 98, 163]
[1565369, 54, 98, 163]
[1565435, 54, 98, 163]
[1565765, 54, 98, 163]
[1565894, 54, 98, 163]
[1565862, 54, 98, 163]
[1565960, 54, 98, 163]
[1566272, 54, 98, 163]
[1566398, 54, 98, 163]
[1566338, 54, 98, 163]
[1566455, 54, 98, 163]
[1566537, 54, 98, 163]
[1566686, 54, 98, 163]
[1566675, 54, 98, 163]
[1566713, 54, 98, 163]
[1566975, 54, 98, 163]
[1566920, 54, 98, 163]
[1567159, 54, 98, 163]
[1567213, 54, 98, 163]
[1567435, 54, 98, 163]
[1567338, 54, 98, 163]
[1567538, 54, 98, 163]
[1567523, 54, 98, 163]
[1567871, 54, 98, 163]
[1567692, 54, 98, 163]
[1567966, 54, 98, 163]
[1567805, 54, 98, 163]
[1568185, 54, 98, 163]
[1568201, 54, 98, 163]
[1568375, 54, 98, 163]
[1568119, 54, 98, 163]
[1568180, 54, 98, 163]
[1568342, 54, 98, 163]
[1568595, 54, 98, 163]
[1568444, 54, 98, 163]
[1568389, 54, 98, 163]
[1568705, 54, 98, 163]
[1568656, 54, 98, 163]
[1568747, 54, 98, 163]
[1568902, 54, 98, 163]
[1568909, 54, 98, 163]
[1569007, 54, 98, 163]
[1569040, 54, 98, 163]
[1569057, 54, 98, 163]
[1569340, 54, 98, 163]
[1569293, 54, 98, 163]
[1569426, 54, 98, 163]
[1569334, 54, 98, 163]
[1569500, 54, 98, 163]
[1569767, 54, 98, 163]
[1569799, 54, 98, 163]
[1569705, 54, 98, 163]
[1569792, 54, 98, 163]
[1569928, 54, 98, 163]
[1570076, 54, 98, 163]
[1570211, 54, 98, 163]
[1570230, 54, 98, 163]
[1570659, 54, 98, 163]
[1570356, 54, 98, 163]
[1570622, 54, 98, 163]
[1570721, 54, 98, 163]
[1570777, 54, 98, 163]
[1570831, 54, 98, 163]
[1570812, 54, 98, 163]
[1571354, 54, 98, 163]
[1571208, 54, 98, 163]
[1571329, 54, 98, 163]
[1571435, 54, 98, 163]
[1571531, 54, 98, 163]
[1571718, 54, 98, 163]
[1571700, 54, 98, 163]
[1571840, 54, 98, 163]
[1571963, 54, 98, 163]
[1572227, 54, 98, 163]
[1572226, 54, 98, 163]
[1572431, 54, 98, 163]
[1572437, 54, 98, 163]
[1572746, 54, 98, 163]
[1572736, 54, 98, 163]
[1572789, 54, 98, 163]
[1573005, 54, 98, 163]
[1573072, 54, 98, 163]
[1573276, 54, 98, 163]
[1573457, 54, 98, 163]
[1573497, 54, 98, 163]
[1573707, 54, 98, 163]
[1573751, 54, 98, 163]
[1574110, 54, 98, 163]
[1574111, 54, 98, 163]
[1574151, 54, 98, 163]
[1574326, 54, 98, 163]
[1574492, 54, 98, 163]
[1574611, 54, 98, 163]
[1574690, 54, 98, 163]
[1574510, 54, 98, 163]
[1574252, 54, 98, 163]
[1573939, 54, 98, 163]
[1573116, 54, 98, 163]
[1572262, 54, 98, 163]
[1571157, 54, 98, 163]
[1570104, 54, 98, 163]
[1569185, 54, 98, 163]
[1568112, 54, 98, 163]
[1566908, 54, 98, 163]
[1565939, 54, 98, 163]
[1565540, 54, 98, 163]
[1564511, 54, 98, 163]
[1564053, 54, 98, 163]
[1563488, 54, 98, 163]
[1562851, 54, 98, 163]
[1562284, 54, 98, 163]
[1561791, 54, 98, 163]
[1561699, 54, 98, 163]
[1561211, 54, 98, 163]
[1561007, 54, 98, 163]
[1560991, 54, 98, 163]
[1560794, 54, 98, 163]
[1560874, 54, 98, 163]
[1560622, 54, 98, 163]
[1560831, 54, 98, 163]
[1560665, 54, 98, 163]
[1560724, 54, 98, 163]
[1560540, 54, 98, 163]
[1560718, 54, 98, 163]
[1560603, 54, 98, 163]
[1560995, 54, 98, 163]
[1560713, 54, 98, 163]
[1561163, 54, 98, 163]
[1560871, 54, 98, 163]
[1561052, 54, 98, 163]
[1560812, 54, 98, 163]
[1560986, 54, 98, 163]
[1560770, 54, 98, 163]
[1560709, 54, 98, 163]
[1560571, 54, 98, 163]
[1560549, 54, 98, 163]
[1560313, 54, 98, 163]
[1560423, 54, 98, 163]
[1560282, 54, 98, 163]
[1560254, 54, 98, 163]
[1560506, 54, 98, 163]
[1560216, 54, 98, 163]
[1560375, 54, 98, 163]
[1560527, 54, 98, 163]
[1560722, 54, 98, 163]
[1560510, 54, 98, 163]
[1560655, 54, 98, 163]
[1560834, 54, 98, 163]
[1561016, 54, 98, 163]
[1561136, 54, 98, 163]
[1561134, 54, 98, 163]
[1561241, 54, 98, 163]
[1561108, 54, 98, 163]
[1561175, 54, 98, 163]
[1560841, 54, 98, 163]
[1560791, 54, 98, 163]
[1560839, 54, 98, 163]
[1560648, 54, 98, 163]
[1560632, 54, 98, 163]
[1560544, 54, 98, 163]
[1560468, 54, 98, 163]
[1560371, 54, 98, 163]
[1560255, 54, 98, 163]
[1560286, 54, 98, 163]
[1560395, 54, 98, 163]
[1560090, 54, 98, 163]
[1560185, 54, 98, 163]
[1560095, 54, 98, 163]
[1560481, 54, 98, 163]
[1560398, 54, 98, 163]
[1560328, 54, 98, 163]
[1560284, 54, 98, 150]
[1560526, 54, 98, 150]
[1560493, 54, 98, 150]
[1560690, 54, 98, 150]
[1560726, 54, 98, 150]
[1560731, 54, 98, 150]
[1560868, 54, 98, 150]
[1560867, 54, 98, 150]
[1560971, 54, 98, 150]
[1561069, 54, 98, 150]
[1561378, 54, 98, 150]
[1561332, 54, 98, 150]
[1561248, 54, 98, 150]
[1561727, 54, 98, 150]
[1561932, 54, 98, 150]
[1561678, 54, 98, 150]
[1561754, 54, 98, 150]
[1561854, 54, 98, 150]
[1562165, 54, 98, 150]
[1562377, 54, 98, 150]
[1562353, 54, 98, 150]
[1562499, 54, 98, 150]
[1562695, 54, 98, 150]
[1562644, 54, 98, 150]
[1562815, 54, 98, 150]
[1562943, 54, 98, 150]
[1562942, 54, 98, 150]
[1563278, 54, 98, 150]
[1563283, 54, 98, 150]
[1563388, 54, 98, 150]
[1563320, 54, 98, 150]
[1563598, 54, 98, 150]
[1563663, 54, 98, 150]
[1563726, 54, 98, 150]
[1563873, 54, 98, 150]
[1563889, 54, 98, 150]
[1564166, 54, 98, 150]
[1564152, 54, 98, 150]
[1564274, 54, 98, 150]
[1564448, 54, 98, 150]
[1564441, 54, 98, 150]
[1564580, 54, 98, 150]
[1564389, 54, 98, 150]
[1564493, 54, 98, 150]
[1564628, 54, 98, 150]
[1564726, 54, 98, 150]
[1564561, 54, 98, 150]
[1564783, 54, 98, 150]
[1564999, 54, 98, 150]
[1564948, 54, 98, 150]
[1564912, 54, 98, 150]
[1565256, 54, 98, 150]
[1565119, 54, 98, 150]
[1565266, 54, 98, 150]
[1565455, 54, 98, 150]
[1565239, 54, 98, 150]
[1565426, 54, 98, 150]
[1565525, 54, 98, 150]
[1565467, 54, 98, 150]
[1565595, 54, 98, 150]
[1565723, 54, 98, 150]
[1565845, 54, 98, 150]
[1565792, 54, 98, 150]
[1565955, 54, 98, 150]
[1565905, 54, 98, 150]
[1566287, 54, 98, 150]
[1566239, 54, 98, 150]
[1566261, 54, 98, 150]
[1566570, 54, 98, 150]
[1566533, 54, 98, 150]
[1566584, 54, 98, 150]
[1566656, 54, 98, 150]
[1566766, 54, 98, 150]
[1566892, 54, 98, 150]
[1566971, 54, 98, 150]
[1567199, 54, 98, 150]
[1567450, 54, 98, 150]
[1567386, 54, 98, 150]
[1567486, 54, 98, 150]
[1567574, 54, 98, 150]
[1567720, 54, 98, 150]
[1567856, 54, 98, 150]
[1568002, 54, 98, 150]
[1568049, 54, 98, 150]
[1568249, 54, 98, 150]
[1568314, 54, 98, 150]
[1568358, 54, 98, 150]
[1568682, 54, 98, 150]
[1568821, 54, 98, 150]
[1568848, 54, 98, 150]
[1568724, 54, 98, 150]
[1569045, 54, 98, 150]
[1568907, 54, 98, 150]
[1569417, 54, 98, 150]
[1569309, 54, 98, 150]
[1569359, 54, 98, 150]
[1569674, 54, 98, 150]
[1569654, 54, 98, 150]
[1569580, 54, 98, 150]
[1569635, 54, 98, 150]
[1570057, 54, 98, 150]
[1570200, 54, 98, 150]
[1570027, 54, 98, 150]
[1570092, 54, 98, 150]
[1570260, 54, 98, 150]
[1570415, 54, 98, 150]
[1570164, 54, 98, 150]
[1570415, 54, 98, 150]
[1570663, 54, 98, 150]
[1570545, 54, 98, 150]
[1570681, 54, 98, 150]
[1570728, 54, 98, 150]
[1570832, 54, 98, 150]
[1570981, 54, 98, 150]
[1571032, 54, 98, 150]
[1571084, 54, 98, 150]
[1571181, 54, 98, 150]
[1571187, 54, 98, 150]
[1571394, 54, 98, 150]
[1571420, 54, 98, 150]
[1571582, 54, 98, 150]
[1571788, 54, 98, 150]
[1571822, 54, 98, 150]
[1571866, 54, 98, 150]
[1572211, 54, 98, 150]
[1572214, 54, 98, 150]
[1572108, 54, 98, 150]
[1572542, 54, 98, 150]
[1572406, 54, 98, 150]
[1572588, 54, 98, 150]
[1572416, 54, 98, 150]
[1572576, 54, 98, 150]
[1572099, 54, 98, 150]
[1571644, 54, 98, 150]
[1571013, 54, 98, 150]
[1570106, 54, 98, 150]
[1569230, 54, 98, 150]
[1568082, 54, 98, 150]
[1566727, 54, 98, 150]
[1565752, 54, 98, 150]
[1564949, 54, 98, 150]
[1563972, 54, 98, 150]
[1562984, 54, 98, 150]
[1562315, 54, 98, 150]
[1561841, 54, 98, 150]
[1561035, 54, 98, 150]
[1560468, 54, 98, 150]
