[1098943, 75, 90, 133]
[1100285, 75, 90, 133]
[1100242, 75, 90, 133]
[1100154, 60, 90, 133]
[1100083, 60, 90, 133]
[1100100, 60, 90, 133]
[1099878, 60, 90, 133]
[1100009, 60, 90, 133]
[1100135, 60, 90, 133]
[1100173, 60, 90, 133]
[1100066, 60, 90, 133]
[1099830, 60, 90, 133]
[1099896, 60, 90, 133]
[1099859, 60, 90, 133]
[1099997, 60, 90, 133]
[1100013, 60, 90, 133]
[1099902, 60, 90, 133]
[1099968, 60, 90, 133]
[1099688, 60, 90, 133]
[1099910, 60, 90, 133]
[1099929, 60, 90, 133]
[1099957, 60, 90, 133]
[1099976, 60, 90, 133]
[1099960, 60, 90, 133]
[1099650, 60, 90, 133]
[1099698, 60, 90, 133]
[1099701, 60, 90, 133]
[1099983, 60, 90, 133]
[1099732, 60, 90, 133]
[1099511, 60, 90, 133]
[1099521, 60, 90, 133]
[1099780, 60, 90, 133]
[1099753, 60, 90, 133]
[1099862, 60, 90, 133]
[1099549, 60, 90, 133]
[1099587, 60, 90, 133]
[1099442, 60, 90, 133]
[1099467, 60, 90, 133]
[1099536, 60, 90, 133]
[1099668, 60, 90, 133]
[1099699, 60, 90, 133]
[1099576, 60, 90, 133]
[1099337, 60, 90, 133]
[1099225, 60, 90, 133]
[1099498, 60, 90, 133]
[1099439, 60, 90, 133]
[1099507, 60, 90, 133]
[1099422, 60, 90, 133]
[1099373, 60, 90, 133]
[1099388, 60, 90, 133]
[1099529, 60, 90, 133]
[1099536, 60, 90, 133]
[1099497, 60, 90, 133]
[1099388, 60, 90, 133]
[1099266, 60, 90, 133]
[1099385, 60, 90, 133]
[1099268, 60, 90, 133]
[1099446, 60, 90, 133]
[1099656, 60, 90, 133]
[1099420, 60, 90, 133]
[1099568, 60, 90, 133]
[1099326, 60, 90, 133]
[1099458, 60, 90, 133]
[1099499, 60, 90, 133]
[1099460, 60, 90, 133]
[1099388, 60, 90, 133]
[1099333, 60, 90, 133]
[1099335, 60, 90, 133]
[1099325, 60, 90, 133]
[1099286, 60, 90, 133]
[1099495, 60, 90, 133]
[1099394, 60, 90, 133]
[1099559, 60, 90, 133]
[1099348, 60, 90, 133]
[1099373, 60, 90, 133]
[1099488, 60, 90, 133]
[1099517, 60, 90, 133]
[1099396, 60, 90, 133]
[1099269, 60, 90, 133]
[1099367, 60, 90, 133]
[1099302, 60, 90, 133]
[1099536, 60, 90, 133]
[1099545, 60, 90, 133]
[1099498, 60, 90, 133]
[1099386, 60, 90, 133]
[1099261, 60, 90, 133]
[1099286, 60, 90, 133]
[1099322, 60, 90, 133]
[1099540, 60, 90, 133]
[1099289, 60, 90, 133]
[1099274, 60, 90, 133]
[1099407, 60, 90, 133]
[1099444, 60, 90, 133]
[1099480, 60, 90, 133]
[1099401, 60, 90, 133]
[1099367, 60, 90, 133]
[1099347, 60, 90, 133]
[1099410, 60, 90, 133]
[1099435, 60, 90, 133]
[1099440, 60, 90, 133]
[1099489, 60, 90, 133]
[1099411, 60, 90, 133]
[1099331, 60, 90, 133]
[1099237, 60, 90, 133]
[1099271, 60, 90, 133]
[1099485, 60, 90, 133]
[1099422, 60, 90, 133]
[1099498, 60, 90, 133]
[1099263, 60, 90, 133]
[1099435, 60, 90, 133]
[1099181, 60, 90, 133]
[1099280, 60, 90, 133]
[1099266, 60, 90, 133]
[1099213, 60, 90, 133]
[1098998, 60, 90, 133]
[1099003, 60, 90, 133]
[1098861, 60, 90, 133]
[1098947, 60, 90, 133]
[1098814, 60, 90, 133]
[1098732, 60, 90, 133]
[1098524, 60, 90, 133]
[1098368, 60, 90, 133]
[1098201, 60, 90, 133]
[1098209, 60, 90, 133]
[1098221, 60, 90, 133]
[1098139, 60, 90, 133]
[1097946, 60, 90, 133]
[1097731, 60, 90, 133]
[1097633, 60, 90, 133]
[1097729, 60, 90, 133]
[1097759, 60, 90, 133]
[1097703, 60, 90, 133]
[1097555, 60, 90, 133]
[1097493, 60, 90, 133]
[1097658, 60, 90, 133]
[1097638, 60, 90, 133]
[1097568, 60, 90, 133]
[1097498, 60, 90, 133]
[1097723, 60, 90, 133]
[1097633, 60, 90, 133]
[1097603, 60, 90, 133]
[1097471, 60, 90, 133]
[1097733, 60, 90, 133]
[1097740, 60, 90, 133]
[1097733, 60, 90, 133]
[1097639, 60, 90, 133]
[1097682, 60, 90, 133]
[1097588, 60, 90, 133]
[1097583, 60, 90, 133]
[1097737, 60, 90, 133]
[1097724, 60, 90, 133]
[1097751, 60, 90, 133]
[1097686, 60, 90, 133]
[1097661, 60, 90, 133]
[1097782, 60, 90, 133]
[1097915, 60, 90, 133]
[1097697, 60, 90, 133]
[1097707, 60, 90, 133]
[1097839, 60, 90, 133]
[1097754, 60, 90, 133]
[1097966, 60, 90, 133]
[1097868, 60, 90, 133]
[1097801, 60, 90, 133]
[1097771, 60, 90, 133]
[1097682, 60, 90, 133]
[1097701, 60, 90, 133]
[1097767, 60, 90, 133]
[1097872, 60, 90, 133]
[1097800, 60, 90, 133]
[1097744, 60, 90, 133]
[1097765, 60, 90, 133]
[1097680, 60, 90, 133]
[1097772, 60, 90, 133]
[1097641, 60, 90, 133]
[1097773, 60, 90, 133]
[1097618, 60, 90, 133]
[1097576, 60, 90, 133]
[1097604, 60, 90, 133]
[1097548, 60, 90, 133]
[1097403, 60, 90, 133]
[1097607, 60, 90, 133]
[1097694, 60, 90, 133]
[1097547, 60, 90, 133]
[1097487, 60, 90, 133]
[1097460, 60, 90, 133]
[1097342, 60, 90, 133]
[1097586, 60, 90, 133]
[1097537, 60, 90, 133]
[1097530, 60, 90, 133]
[1097437, 60, 90, 133]
[1097246, 60, 90, 133]
[1097311, 60, 90, 133]
[1097458, 60, 90, 133]
[1097457, 60, 90, 133]
[1097364, 60, 90, 133]
[1097398, 60, 90, 133]
[1097375, 60, 90, 133]
[1097515, 60, 90, 133]
[1097737, 60, 90, 133]
[1097499, 60, 90, 133]
[1097591, 60, 90, 133]
[1097346, 60, 90, 133]
[1097534, 60, 90, 133]
[1097400, 60, 90, 133]
[1097464, 60, 90, 133]
[1097399, 60, 90, 133]
[1097619, 60, 90, 133]
[1097610, 60, 90, 133]
[1097321, 60, 90, 133]
[1097421, 60, 90, 133]
[1097473, 60, 90, 133]
[1097435, 60, 90, 133]
[1097557, 60, 90, 133]
[1097439, 60, 90, 133]
[1097526, 60, 90, 133]
[1097458, 60, 90, 133]
[1097335, 60, 90, 133]
[1097415, 60, 90, 133]
[1097678, 60, 90, 133]
[1097481, 60, 90, 133]
[1097507, 60, 90, 133]
[1097414, 60, 90, 133]
[1097360, 60, 90, 133]
[1097486, 60, 90, 133]
[1097748, 60, 90, 133]
[1097608, 60, 90, 133]
[1097620, 60, 90, 133]
[1097393, 60, 90, 133]
[1097509, 60, 90, 133]
[1097703, 60, 90, 133]
[1097748, 60, 90, 133]
[1097618, 60, 90, 133]
[1097571, 60, 90, 133]
[1097650, 60, 90, 133]
[1097590, 60, 90, 133]
[1097548, 60, 90, 133]
[1097544, 60, 90, 133]
[1097652, 60, 90, 133]
[1097609, 60, 90, 133]
[1097531, 60, 90, 133]
[1097582, 60, 90, 133]
[1097530, 60, 90, 133]
[1097635, 60, 90, 133]
[1097590, 60, 90, 133]
[1097548, 60, 90, 133]
[1097688, 60, 90, 133]
[1097499, 60, 90, 133]
[1097445, 60, 90, 133]
[1097501, 60, 90, 133]
[1097547, 60, 90, 133]
[1097786, 60, 90, 133]
[1097716, 60, 90, 133]
[1097554, 60, 90, 133]
[1097660, 60, 90, 133]
[1097727, 60, 90, 133]
[1097808, 60, 90, 133]
[1097648, 60, 90, 133]
[1097833, 60, 90, 133]
[1097527, 60, 90, 133]
[1097785, 60, 90, 133]
[1097663, 60, 90, 133]
[1097847, 60, 90, 133]
[1097691, 60, 90, 133]
[1097580, 60, 90, 133]
[1097513, 60, 90, 133]
[1097618, 60, 90, 133]
[1097466, 60, 90, 133]
[1097394, 60, 90, 133]
[1097177, 60, 90, 133]
[1097325, 60, 90, 133]
[1097032, 60, 90, 133]
[1096897, 60, 90, 133]
[1096696, 60, 90, 133]
[1096769, 60, 90, 133]
[1096694, 60, 90, 133]
[1096385, 60, 90, 133]
[1096225, 60, 90, 133]
[1096172, 60, 90, 133]
[1096134, 60, 90, 133]
[1096281, 60, 90, 133]
[1096227, 60, 90, 133]
[1096089, 60, 90, 133]
[1096121, 60, 90, 133]
[1096048, 60, 90, 133]
[1096105, 60, 90, 133]
[1096032, 60, 90, 133]
[1096126, 60, 90, 133]
[1096095, 60, 90, 133]
[1096133, 60, 90, 133]
[1096072, 60, 90, 133]
[1096089, 60, 90, 133]
[1096277, 60, 90, 133]
[1096265, 60, 90, 133]
[1096212, 60, 90, 133]
[1095931, 60, 90, 133]
[1096043, 60, 90, 133]
[1096286, 60, 90, 133]
[1096222, 60, 90, 133]
[1096249, 60, 90, 133]
[1096142, 60, 90, 133]
[1096440, 60, 90, 133]
[1096296, 60, 90, 133]
[1096165, 60, 90, 133]
[1096159, 60, 90, 133]
[1096338, 60, 90, 133]
[1096322, 60, 90, 133]
[1096308, 60, 90, 133]
[1096252, 60, 90, 133]
[1096260, 60, 90, 133]
[1096385, 60, 90, 133]
[1096332, 60, 90, 133]
[1096571, 60, 90, 133]
[1096308, 60, 90, 133]
[1096325, 60, 90, 133]
[1096027, 60, 90, 133]
[1096357, 60, 90, 133]
[1096297, 60, 90, 133]
[1096489, 60, 90, 133]
[1096302, 60, 90, 133]
[1096376, 60, 90, 133]
[1096189, 60, 90, 133]
[1096300, 60, 90, 133]
[1096291, 60, 90, 133]
[1096431, 60, 90, 133]
[1096163, 60, 90, 133]
[1096250, 60, 90, 133]
[1096202, 60, 90, 133]
[1096313, 60, 90, 133]
[1096074, 60, 90, 133]
[1096457, 60, 90, 133]
[1096207, 60, 90, 133]
[1096190, 60, 90, 133]
[1096233, 60, 90, 133]
[1096190, 60, 90, 133]
[1096223, 60, 90, 133]
[1096247, 60, 90, 133]
[1096131, 60, 90, 133]
[1096120, 60, 90, 133]
[1096065, 60, 90, 133]
[1096000, 60, 90, 133]
[1096097, 60, 90, 133]
[1096005, 60, 90, 133]
[1096186, 60, 90, 133]
[1096154, 60, 90, 133]
[1095990, 60, 90, 133]
[1095976, 60, 90, 133]
[1096093, 60, 90, 133]
[1096216, 60, 90, 133]
[1096188, 60, 90, 133]
[1096285, 60, 90, 133]
[1096187, 60, 90, 133]
[1095999, 60, 90, 133]
[1096045, 60, 90, 133]
[1096327, 60, 90, 133]
[1096273, 60, 90, 133]
[1096229, 60, 90, 133]
[1096063, 60, 90, 133]
[1096131, 60, 90, 133]
[1096377, 60, 90, 133]
[1096394, 60, 90, 133]
[1096263, 60, 90, 133]
[1096165, 60, 90, 133]
[1096225, 60, 90, 133]
[1096281, 60, 90, 133]
[1096227, 60, 90, 133]
[1096293, 60, 90, 133]
[1096456, 60, 90, 133]
[1096471, 60, 90, 133]
[1096373, 60, 90, 133]
[1096277, 60, 90, 133]
[1096346, 60, 90, 133]
[1096473, 60, 90, 133]
[1096391, 60, 90, 133]
[1096387, 60, 90, 133]
[1096232, 60, 90, 133]
[1096236, 60, 90, 133]
[1096307, 60, 90, 133]
[1096341, 60, 90, 133]
[1096565, 60, 90, 133]
[1096547, 60, 90, 133]
[1096348, 60, 90, 133]
[1096501, 60, 90, 133]
[1096478, 60, 90, 133]
[1096552, 60, 90, 133]
[1096547, 60, 90, 133]
[1096560, 60, 90, 133]
[1096345, 60, 90, 133]
[1096468, 60, 90, 133]
[1096366, 60, 90, 133]
[1096549, 60, 90, 133]
[1096559, 60, 90, 133]
[1096483, 60, 90, 133]
[1096351, 60, 90, 133]
[1096408, 60, 90, 133]
[1096406, 60, 90, 133]
[1096524, 60, 90, 133]
[1096440, 60, 90, 133]
[1096637, 60, 90, 133]
[1096467, 60, 90, 133]
[1096579, 60, 90, 133]
[1096300, 60, 90, 133]
[1096530, 60, 90, 133]
[1096520, 60, 90, 133]
[1096702, 60, 90, 133]
[1096558, 60, 90, 133]
[1096550, 60, 90, 133]
[1096397, 60, 90, 133]
[1096362, 60, 90, 133]
[1096408, 60, 90, 133]
[1096722, 60, 90, 133]
[1096599, 60, 90, 133]
[1096770, 60, 90, 133]
[1096516, 60, 90, 133]
[1096483, 60, 90, 133]
[1096523, 60, 90, 133]
[1096643, 60, 90, 133]
[1096769, 60, 90, 133]
[1096789, 60, 90, 133]
[1096521, 60, 90, 133]
[1096631, 60, 90, 133]
[1096752, 60, 90, 133]
[1096852, 60, 90, 133]
[1096757, 60, 90, 133]
[1096542, 60, 90, 133]
[1096397, 60, 90, 133]
[1096607, 60, 90, 133]
[1096372, 60, 90, 133]
[1096185, 60, 90, 133]
[1095906, 60, 90, 133]
[1095862, 60, 90, 133]
[1095746, 60, 90, 133]
[1095417, 60, 90, 133]
[1095165, 60, 90, 133]
[1095487, 60, 90, 133]
[1095355, 60, 90, 133]
[1095119, 60, 90, 133]
[1094793, 60, 90, 133]
[1094967, 60, 90, 133]
[1094749, 60, 90, 133]
[1094911, 60, 90, 133]
[1094899, 60, 90, 133]
[1094846, 60, 90, 133]
[1094656, 60, 90, 133]
[1094704, 60, 90, 133]
[1094794, 60, 90, 133]
[1094723, 60, 90, 133]
[1094879, 60, 90, 133]
[1094834, 60, 90, 133]
[1094796, 60, 90, 133]
[1094730, 60, 90, 133]
[1094851, 60, 90, 133]
[1094810, 60, 90, 133]
[1095110, 60, 90, 133]
[1094903, 60, 90, 133]
[1094798, 60, 90, 133]
[1094859, 60, 90, 133]
[1095160, 60, 90, 133]
[1094843, 60, 90, 133]
[1094943, 60, 90, 133]
[1094747, 60, 90, 133]
[1094980, 60, 90, 133]
[1094969, 60, 90, 133]
[1094815, 60, 90, 133]
[1094912, 60, 90, 133]
[1095101, 60, 90, 133]
[1094937, 60, 90, 133]
[1095005, 60, 90, 133]
[1094764, 60, 90, 133]
[1094903, 60, 90, 133]
[1094997, 60, 90, 133]
[1095075, 60, 90, 133]
[1095062, 60, 90, 133]
[1094937, 60, 90, 133]
[1094988, 60, 90, 133]
[1094936, 60, 90, 133]
[1094963, 60, 90, 133]
[1094952, 60, 90, 133]
[1095121, 60, 90, 133]
[1094776, 60, 90, 133]
[1094911, 60, 90, 133]
[1094960, 60, 90, 133]
[1095115, 60, 90, 133]
[1095080, 60, 90, 133]
[1094990, 60, 90, 133]
[1094793, 60, 90, 133]
[1094694, 60, 90, 133]
[1094903, 60, 90, 133]
[1094757, 60, 90, 133]
[1094825, 60, 90, 133]
[1094660, 60, 90, 133]
[1094739, 60, 90, 133]
[1094813, 60, 90, 133]
[1094895, 60, 90, 133]
[1094504, 60, 90, 133]
[1094905, 60, 90, 133]
[1094690, 60, 90, 133]
[1094679, 60, 90, 133]
[1094579, 60, 90, 133]
[1094646, 60, 90, 133]
[1094762, 60, 90, 133]
[1094826, 60, 90, 133]
[1094600, 60, 90, 133]
[1094556, 60, 90, 133]
[1094636, 60, 90, 133]
[1094892, 60, 90, 133]
[1094694, 60, 90, 133]
[1094704, 60, 90, 133]
[1094743, 60, 90, 133]
[1094621, 60, 90, 133]
[1094639, 60, 90, 133]
[1094605, 60, 90, 133]
[1094800, 60, 90, 133]
[1094834, 60, 90, 133]
[1094684, 60, 90, 133]
[1094627, 60, 90, 133]
[1094880, 60, 91, 126]
[1094916, 60, 91, 126]
[1094802, 60, 91, 126]
[1094826, 60, 91, 126]
[1094604, 60, 91, 126]
[1094800, 60, 91, 126]
[1094821, 60, 91, 126]
[1095061, 60, 91, 126]
[1094643, 60, 91, 126]
[1094771, 60, 91, 126]
[1094869, 60, 91, 126]
[1094797, 60, 91, 126]
[1094825, 60, 91, 126]
[1094864, 60, 91, 126]
[1095084, 60, 91, 126]
[1094830, 60, 91, 126]
[1094703, 60, 91, 126]
[1094875, 60, 91, 126]
[1095029, 60, 91, 126]
[1094933, 60, 91, 126]
[1094943, 60, 91, 126]
[1094825, 60, 91, 126]
[1094913, 60, 91, 126]
[1094965, 60, 91, 126]
[1094830, 60, 91, 126]
[1095005, 60, 91, 126]
[1095154, 60, 91, 126]
[1094948, 60, 91, 126]
[1094802, 60, 91, 126]
[1094910, 60, 91, 126]
[1095112, 60, 91, 126]
[1095054, 60, 91, 126]
[1095160, 60, 91, 126]
[1095133, 60, 91, 126]
[1095078, 60, 91, 126]
[1095056, 60, 91, 126]
[1094982, 60, 91, 126]
[1095166, 60, 91, 126]
[1095160, 60, 91, 126]
[1095152, 60, 91, 126]
[1094887, 60, 91, 126]
[1094972, 60, 91, 126]
[1095206, 60, 91, 126]
[1095213, 60, 91, 126]
[1095062, 60, 91, 126]
[1094958, 60, 91, 126]
[1095145, 60, 91, 126]
[1094941, 60, 91, 126]
[1095192, 60, 91, 126]
[1095011, 60, 91, 126]
[1095178, 60, 91, 126]
[1095137, 60, 91, 126]
[1094978, 60, 91, 126]
[1095063, 60, 91, 126]
[1095076, 60, 91, 126]
[1094973, 60, 91, 126]
[1095141, 60, 91, 126]
[1095191, 60, 91, 126]
[1095142, 60, 91, 126]
[1095117, 60, 91, 126]
[1094918, 60, 91, 126]
[1095088, 60, 91, 126]
[1095268, 60, 91, 126]
[1095339, 60, 91, 126]
[1094977, 60, 91, 126]
[1094888, 60, 91, 126]
[1095215, 60, 91, 126]
[1095199, 60, 91, 126]
[1095196, 60, 91, 126]
[1095204, 60, 91, 126]
[1095104, 60, 91, 126]
[1094992, 60, 91, 126]
[1094825, 60, 91, 126]
[1095077, 60, 91, 126]
[1094889, 60, 91, 126]
[1094753, 60, 91, 126]
[1094480, 60, 91, 126]
[1094368, 60, 91, 126]
[1094193, 60, 91, 126]
[1094172, 60, 91, 126]
[1094097, 60, 91, 126]
[1094008, 60, 91, 126]
[1093708, 60, 91, 126]
[1093665, 60, 91, 126]
[1093453, 60, 91, 126]
[1093407, 60, 91, 126]
[1093571, 60, 91, 126]
[1093551, 60, 91, 126]
[1093425, 60, 91, 126]
[1093375, 60, 91, 126]
[1093383, 60, 91, 126]
[1093285, 60, 91, 126]
[1093333, 60, 91, 126]
[1093437, 60, 91, 126]
[1093601, 60, 91, 126]
[1093488, 60, 91, 126]
[1093373, 60, 91, 126]
[1093680, 60, 91, 126]
[1093461, 60, 91, 126]
[1093561, 60, 91, 126]
[1093487, 60, 91, 126]
[1093386, 60, 91, 126]
[1093561, 60, 91, 126]
[1093708, 60, 91, 126]
[1093712, 60, 91, 126]
[1093578, 60, 91, 126]
[1093472, 60, 91, 126]
[1093479, 60, 91, 126]
[1093481, 60, 91, 126]
[1093751, 60, 91, 126]
[1093742, 60, 91, 126]
[1093677, 60, 91, 126]
[1093758, 60, 91, 126]
[1093634, 60, 91, 126]
[1093567, 60, 91, 126]
[1093636, 60, 91, 126]
[1093721, 60, 91, 126]
[1093855, 60, 91, 126]
[1093699, 60, 91, 126]
[1093542, 60, 91, 126]
[1093763, 60, 91, 126]
[1093811, 60, 91, 126]
[1093921, 60, 91, 126]
[1093818, 60, 91, 126]
[1093690, 60, 91, 126]
[1093614, 60, 91, 126]
[1093790, 60, 91, 126]
[1093858, 60, 91, 126]
[1093815, 60, 91, 126]
[1093758, 60, 91, 126]
[1093626, 60, 91, 126]
[1093538, 60, 91, 126]
[1093723, 60, 91, 126]
[1093648, 60, 91, 126]
[1093700, 60, 91, 126]
[1093775, 60, 91, 126]
[1093572, 60, 91, 126]
[1093591, 60, 91, 126]
[1093631, 60, 91, 126]
[1093670, 60, 91, 126]
[1093753, 60, 91, 126]
[1093616, 60, 91, 126]
[1093538, 60, 91, 126]
[1093399, 60, 91, 126]
[1093512, 60, 91, 126]
[1093627, 60, 91, 126]
[1093613, 60, 91, 126]
[1093709, 60, 91, 126]
[1093593, 60, 91, 126]
[1093440, 60, 91, 126]
[1093532, 60, 91, 126]
[1093625, 60, 91, 126]
[1093672, 60, 91, 126]
[1093680, 60, 91, 126]
[1093705, 60, 91, 126]
[1093531, 60, 91, 126]
[1093553, 60, 91, 126]
[1093350, 60, 91, 126]
[1093779, 60, 91, 126]
[1093640, 60, 91, 126]
[1093570, 60, 91, 126]
[1093549, 60, 91, 126]
[1093646, 60, 91, 126]
[1093767, 60, 91, 126]
[1093666, 60, 91, 126]
[1093585, 60, 91, 126]
[1093521, 60, 91, 126]
[1093446, 60, 91, 126]
[1093532, 60, 91, 126]
[1093479, 60, 91, 126]
[1093729, 60, 91, 126]
[1093843, 60, 91, 126]
[1093653, 60, 91, 126]
[1093583, 60, 91, 126]
[1093604, 60, 91, 126]
[1093803, 60, 91, 126]
[1093775, 60, 91, 126]
[1093828, 60, 91, 126]
[1093870, 60, 91, 126]
[1093776, 60, 91, 126]
[1093625, 60, 91, 126]
[1093622, 60, 91, 126]
[1093689, 60, 91, 126]
[1093776, 60, 91, 126]
[1093735, 60, 91, 126]
[1093606, 60, 91, 126]
[1093537, 60, 91, 126]
[1093698, 60, 91, 126]
[1093900, 60, 91, 126]
[1093926, 60, 91, 126]
[1093950, 60, 91, 126]
[1093772, 60, 91, 126]
[1093701, 60, 91, 126]
[1093881, 60, 91, 126]
[1093832, 60, 91, 126]
[1093953, 60, 91, 126]
[1093898, 60, 91, 126]
[1093640, 60, 91, 126]
[1093841, 60, 91, 126]
[1093761, 60, 91, 126]
[1093743, 60, 91, 126]
[1093894, 60, 91, 126]
[1093774, 60, 91, 126]
[1093704, 60, 91, 126]
[1093810, 60, 91, 126]
[1093907, 60, 91, 126]
[1094037, 60, 91, 126]
[1093782, 60, 91, 126]
[1093839, 60, 91, 126]
[1093820, 60, 91, 126]
[1093858, 60, 91, 126]
[1093885, 60, 91, 126]
[1093651, 60, 91, 126]
[1094004, 60, 91, 126]
[1094110, 60, 91, 126]
[1093818, 60, 91, 126]
[1093809, 60, 91, 126]
[1093886, 60, 91, 126]
[1093963, 60, 91, 126]
[1093981, 60, 91, 126]
[1094094, 60, 91, 126]
[1093834, 60, 91, 126]
[1093803, 60, 91, 126]
[1093800, 60, 91, 126]
[1093992, 60, 91, 126]
[1094058, 60, 91, 126]
[1093990, 60, 91, 126]
[1093846, 60, 91, 126]
[1093856, 60, 91, 126]
[1093958, 60, 91, 126]
[1093956, 60, 91, 126]
[1093983, 60, 91, 126]
[1093704, 60, 91, 126]
[1093572, 60, 91, 126]
[1093527, 60, 91, 126]
[1093606, 60, 91, 126]
[1093515, 60, 91, 126]
[1093266, 60, 91, 126]
[1093034, 60, 91, 126]
[1092948, 60, 91, 126]
[1092810, 60, 91, 126]
[1092670, 60, 91, 126]
[1092410, 60, 91, 126]
[1092646, 60, 91, 126]
[1092597, 60, 91, 126]
[1092233, 60, 91, 126]
[1092213, 60, 91, 126]
[1092064, 60, 91, 126]
[1092031, 60, 91, 126]
[1092256, 60, 91, 126]
[1092096, 60, 91, 126]
[1092034, 60, 91, 126]
[1091987, 60, 91, 126]
[1091969, 60, 91, 126]
[1092150, 60, 91, 126]
[1092358, 60, 91, 126]
[1092452, 60, 94, 126]
[1092325, 60, 94, 126]
[1092280, 60, 94, 126]
[1092224, 60, 94, 126]
[1092514, 60, 94, 126]
[1092410, 60, 94, 126]
[1092353, 60, 94, 126]
[1092313, 60, 94, 126]
[1092358, 60, 94, 126]
[1092608, 60, 94, 126]
[1092592, 60, 94, 126]
[1092451, 60, 94, 126]
[1092531, 60, 94, 126]
[1092288, 60, 94, 126]
[1092529, 60, 94, 126]
[1092508, 60, 94, 126]
[1092608, 60, 94, 126]
[1092591, 60, 94, 126]
[1092651, 60, 94, 126]
[1092554, 60, 94, 126]
[1092349, 60, 94, 126]
[1092465, 60, 94, 126]
[1092546, 60, 94, 126]
[1092514, 60, 94, 126]
[1092791, 60, 94, 126]
[1092492, 60, 94, 126]
[1092452, 60, 94, 126]
[1092333, 60, 94, 126]
[1092587, 60, 94, 126]
[1092515, 60, 94, 126]
[1092704, 60, 94, 126]
[1092420, 60, 94, 126]
[1092484, 60, 94, 126]
[1092468, 60, 94, 126]
[1092527, 60, 94, 126]
[1092551, 60, 94, 126]
[1092627, 60, 94, 126]
[1092542, 60, 94, 126]
[1092408, 60, 94, 126]
[1092280, 60, 94, 126]
[1092435, 60, 94, 126]
[1092528, 60, 94, 126]
[1092331, 60, 94, 126]
[1092220, 60, 94, 126]
[1092295, 60, 94, 126]
[1092291, 60, 94, 126]
[1092269, 60, 94, 126]
[1092326, 60, 94, 126]
[1092264, 60, 94, 126]
[1092283, 60, 94, 126]
[1092290, 60, 94, 126]
[1092114, 60, 94, 126]
[1092235, 60, 94, 126]
[1092098, 60, 94, 126]
[1092129, 60, 94, 126]
[1092308, 60, 94, 126]
[1092305, 60, 94, 126]
[1092141, 60, 94, 126]
[1092209, 60, 94, 126]
[1092222, 60, 94, 126]
[1092437, 60, 94, 126]
[1092258, 60, 94, 126]
[1092258, 60, 94, 126]
[1092222, 60, 94, 126]
[1092216, 60, 94, 126]
[1092394, 60, 94, 126]
[1092476, 60, 94, 126]
[1092301, 60, 94, 126]
[1092286, 60, 94, 126]
[1092330, 60, 94, 126]
[1092522, 60, 94, 126]
[1092540, 60, 94, 126]
[1092468, 60, 94, 126]
[1092309, 60, 94, 126]
[1092303, 60, 94, 126]
[1092516, 60, 94, 126]
[1092401, 60, 94, 126]
[1092605, 60, 94, 126]
[1092537, 60, 94, 126]
[1092463, 60, 94, 126]
[1092431, 60, 94, 126]
[1092465, 60, 94, 126]
[1092373, 60, 94, 126]
[1092510, 60, 94, 126]
[1092501, 60, 94, 126]
[1092617, 60, 94, 126]
[1092423, 60, 94, 126]
[1092380, 60, 94, 126]
[1092297, 60, 94, 126]
[1092548, 60, 94, 126]
[1092567, 60, 94, 126]
[1092546, 60, 94, 126]
[1092374, 60, 94, 126]
[1092420, 60, 94, 126]
[1092561, 60, 94, 126]
[1092690, 60, 94, 126]
[1092641, 60, 94, 126]
[1092475, 60, 94, 126]
[1092392, 60, 94, 126]
[1092418, 60, 94, 126]
[1092416, 60, 94, 126]
[1092705, 60, 94, 126]
[1092576, 60, 94, 126]
[1092704, 60, 94, 126]
[1092570, 60, 94, 126]
[1092505, 60, 94, 126]
[1092657, 60, 94, 126]
[1092603, 60, 94, 126]
[1092585, 60, 94, 126]
[1092400, 60, 94, 126]
[1092618, 60, 94, 126]
[1092521, 60, 94, 126]
[1092658, 60, 94, 126]
[1092624, 60, 94, 126]
[1092714, 60, 94, 126]
[1092610, 60, 94, 126]
[1092527, 60, 94, 126]
[1092473, 60, 94, 126]
[1092326, 60, 94, 126]
[1092589, 60, 94, 126]
[1092582, 60, 94, 126]
[1092709, 60, 94, 126]
[1092635, 60, 94, 126]
[1092478, 60, 94, 126]
[1092413, 60, 94, 126]
[1092538, 60, 94, 126]
[1092594, 60, 94, 126]
[1092680, 60, 94, 126]
[1092248, 60, 94, 126]
[1092117, 60, 94, 126]
[1092111, 60, 94, 126]
[1092059, 60, 94, 126]
[1091998, 60, 94, 126]
[1091814, 60, 94, 126]
[1091518, 60, 94, 126]
[1091316, 60, 94, 126]
[1091269, 60, 94, 126]
[1091232, 60, 94, 126]
[1091242, 60, 94, 126]
[1091163, 60, 94, 126]
[1090929, 60, 94, 126]
[1090750, 60, 94, 126]
[1090776, 60, 94, 126]
[1090974, 60, 94, 126]
[1090802, 60, 94, 126]
[1090944, 60, 94, 126]
[1090699, 60, 94, 126]
[1090893, 60, 94, 126]
[1090880, 60, 94, 126]
[1090952, 60, 94, 126]
[1090885, 60, 94, 126]
[1091117, 60, 94, 126]
[1091230, 60, 94, 126]
[1091039, 60, 94, 126]
[1091164, 60, 94, 126]
[1091107, 60, 94, 126]
[1091260, 60, 94, 126]
[1091231, 60, 94, 126]
[1091177, 60, 94, 126]
[1090987, 60, 94, 126]
[1091081, 60, 94, 126]
[1091222, 60, 94, 126]
[1091168, 60, 94, 126]
[1091308, 60, 94, 126]
[1091248, 60, 94, 126]
[1091282, 60, 94, 126]
[1091209, 60, 94, 126]
[1091260, 60, 94, 126]
[1091513, 60, 94, 126]
[1091422, 60, 94, 126]
[1091353, 60, 94, 126]
[1091420, 60, 94, 126]
[1091524, 60, 94, 126]
[1091392, 60, 94, 126]
[1091454, 60, 94, 126]
[1091268, 60, 94, 126]
[1091243, 60, 94, 126]
[1091369, 60, 94, 126]
[1091450, 60, 94, 126]
[1091333, 60, 94, 126]
[1091265, 60, 94, 126]
[1091325, 60, 94, 126]
[1091285, 60, 94, 126]
[1091260, 60, 94, 126]
[1091098, 60, 94, 126]
[1091166, 60, 94, 126]
[1091217, 60, 94, 126]
[1091244, 60, 94, 126]
[1091194, 60, 94, 126]
[1091039, 60, 94, 126]
[1090965, 60, 94, 126]
[1091020, 60, 94, 126]
[1091079, 60, 94, 126]
[1091177, 60, 94, 126]
[1091120, 60, 94, 126]
[1090999, 60, 94, 126]
[1090833, 60, 94, 126]
[1090933, 60, 94, 126]
[1091177, 60, 94, 126]
[1091169, 60, 94, 126]
[1091060, 60, 94, 126]
[1090914, 60, 94, 126]
[1090908, 60, 94, 126]
[1091028, 60, 94, 126]
[1090991, 60, 94, 126]
[1091194, 60, 94, 126]
[1090851, 60, 94, 126]
[1090925, 60, 94, 126]
[1090799, 60, 94, 126]
[1091053, 60, 94, 126]
[1091092, 60, 94, 126]
[1091045, 60, 94, 126]
[1091129, 60, 94, 126]
[1090889, 60, 94, 126]
[1090801, 60, 94, 126]
[1091088, 60, 94, 126]
[1091168, 60, 94, 126]
[1091236, 60, 94, 126]
[1091183, 60, 94, 126]
[1091058, 60, 94, 126]
[1090946, 60, 94, 126]
[1091037, 60, 94, 126]
[1091122, 60, 94, 126]
[1091497, 60, 94, 126]
[1091081, 60, 94, 126]
[1091085, 60, 94, 126]
[1090997, 60, 94, 126]
[1091103, 60, 94, 126]
[1091078, 60, 94, 126]
[1091378, 60, 94, 126]
[1091405, 60, 94, 126]
[1091269, 60, 94, 126]
[1090999, 60, 94, 126]
[1091121, 60, 94, 126]
[1091164, 60, 94, 126]
[1091256, 60, 94, 126]
[1091195, 60, 94, 126]
[1091142, 60, 94, 126]
[1091187, 60, 94, 126]
[1091274, 60, 94, 126]
[1091412, 60, 94, 126]
[1091417, 60, 94, 126]
[1091149, 60, 94, 126]
[1091173, 60, 94, 126]
[1091002, 60, 94, 126]
[1091156, 60, 94, 126]
[1091401, 60, 94, 126]
[1091346, 60, 94, 126]
[1091384, 60, 94, 126]
[1091327, 60, 94, 126]
[1091324, 60, 94, 126]
[1091201, 60, 94, 126]
[1091257, 60, 94, 126]
[1091391, 60, 94, 126]
[1091433, 60, 94, 126]
[1091546, 60, 94, 126]
[1091432, 60, 94, 128]
[1091281, 60, 94, 128]
[1091191, 60, 94, 128]
[1091327, 60, 94, 128]
[1091371, 60, 94, 128]
[1091403, 60, 94, 128]
[1091496, 60, 94, 128]
[1091181, 60, 94, 128]
[1091330, 60, 94, 128]
[1091287, 60, 94, 128]
[1091392, 60, 94, 128]
[1091293, 60, 94, 128]
[1091105, 60, 94, 128]
[1090976, 60, 94, 128]
[1090782, 60, 94, 128]
[1090770, 60, 94, 128]
[1090766, 60, 94, 128]
[1090430, 60, 94, 128]
[1090239, 60, 94, 128]
[1090106, 60, 94, 128]
[1089905, 60, 94, 128]
[1089956, 60, 94, 128]
[1089918, 60, 94, 128]
[1089678, 60, 94, 128]
[1089909, 60, 94, 128]
[1089615, 60, 94, 128]
[1089516, 60, 94, 128]
[1089515, 60, 94, 128]
[1089592, 60, 94, 128]
[1089727, 60, 94, 128]
[1089878, 60, 94, 128]
[1089566, 60, 94, 128]
[1089608, 60, 94, 128]
[1089853, 60, 94, 128]
[1089808, 60, 94, 128]
[1089868, 60, 94, 128]
[1090000, 60, 94, 128]
[1090053, 60, 94, 128]
[1089951, 60, 94, 128]
[1089760, 60, 94, 128]
[1089814, 60, 94, 128]
[1089990, 60, 94, 128]
[1090174, 60, 94, 128]
[1090117, 60, 94, 128]
[1090057, 60, 94, 128]
[1089939, 60, 94, 128]
[1090150, 60, 94, 128]
[1090158, 60, 94, 128]
[1090294, 60, 94, 128]
[1090208, 60, 94, 128]
[1090111, 60, 94, 128]
[1090112, 60, 94, 128]
[1090311, 60, 94, 128]
[1090303, 60, 94, 128]
[1090140, 60, 94, 128]
[1090130, 60, 94, 128]
[1090292, 60, 94, 128]
[1090358, 60, 94, 128]
[1090362, 60, 94, 128]
[1090171, 60, 94, 128]
[1090241, 60, 94, 128]
[1090138, 60, 94, 128]
[1090285, 60, 94, 128]
[1090228, 60, 94, 128]
[1090074, 60, 94, 128]
[1089994, 60, 94, 128]
[1090096, 60, 94, 128]
[1090136, 60, 94, 128]
[1090163, 60, 94, 128]
[1089999, 60, 94, 128]
[1089839, 60, 94, 128]
[1090019, 60, 94, 128]
[1089959, 60, 94, 128]
[1089843, 60, 94, 128]
[1090035, 60, 94, 128]
[1089919, 60, 94, 128]
[1089792, 60, 94, 128]
[1089647, 60, 94, 128]
[1089699, 60, 94, 128]
[1089936, 60, 94, 128]
[1089866, 60, 94, 128]
[1089781, 60, 94, 128]
[1089742, 60, 94, 128]
[1089706, 60, 94, 128]
[1089821, 60, 94, 128]
[1089732, 60, 94, 128]
[1089765, 60, 94, 128]
[1089807, 60, 94, 128]
[1089725, 60, 94, 128]
[1089568, 60, 94, 128]
[1089818, 60, 94, 128]
[1089791, 60, 94, 128]
[1089975, 60, 94, 128]
[1089791, 60, 94, 128]
[1089922, 60, 94, 128]
[1089911, 60, 94, 128]
[1089719, 60, 94, 128]
[1089641, 60, 94, 128]
[1089871, 60, 94, 128]
[1090161, 60, 94, 128]
[1090004, 60, 94, 128]
[1090018, 60, 94, 128]
[1089865, 60, 94, 128]
[1089759, 60, 94, 128]
[1089888, 60, 94, 128]
[1089924, 60, 94, 128]
[1089966, 60, 94, 128]
[1089719, 60, 94, 128]
[1089859, 60, 94, 128]
[1089789, 60, 94, 128]
[1089914, 60, 94, 128]
[1089934, 60, 94, 128]
[1089953, 60, 94, 128]
[1090017, 60, 94, 128]
[1090026, 60, 94, 128]
[1089809, 60, 94, 128]
[1089914, 60, 94, 128]
[1090150, 60, 94, 128]
[1090036, 60, 94, 128]
[1089981, 60, 94, 128]
[1090015, 60, 94, 128]
[1089916, 60, 94, 128]
[1089886, 60, 94, 128]
[1089885, 60, 94, 128]
[1090061, 60, 94, 128]
[1089923, 60, 94, 128]
[1089903, 60, 94, 128]
[1089987, 60, 94, 128]
[1089807, 60, 94, 128]
[1089945, 60, 94, 128]
[1090142, 60, 94, 128]
[1089994, 60, 94, 128]
[1089797, 60, 94, 128]
[1089961, 60, 94, 128]
[1090025, 60, 94, 128]
[1089854, 60, 94, 128]
[1090000, 60, 94, 128]
[1089979, 60, 94, 128]
[1090063, 60, 94, 128]
[1090006, 60, 94, 128]
[1089990, 60, 94, 128]
[1089784, 60, 94, 128]
[1090223, 60, 94, 128]
[1090102, 60, 94, 128]
[1089972, 60, 94, 128]
[1089959, 60, 94, 128]
[1090014, 60, 94, 128]
[1089782, 60, 94, 128]
[1089840, 60, 94, 128]
[1089707, 60, 94, 128]
[1089669, 60, 94, 128]
[1089391, 60, 94, 128]
[1089492, 60, 94, 128]
[1089018, 60, 94, 128]
[1089247, 60, 94, 128]
[1088935, 60, 94, 128]
[1089025, 60, 94, 128]
[1088614, 60, 94, 128]
[1088612, 60, 94, 128]
[1088415, 60, 94, 128]
[1088343, 60, 94, 128]
[1088178, 60, 94, 128]
[1088368, 60, 94, 128]
[1088193, 60, 94, 128]
[1088176, 60, 94, 128]
[1087999, 60, 94, 128]
[1088055, 60, 94, 128]
[1088106, 60, 94, 128]
[1088363, 60, 94, 128]
[1088295, 60, 94, 128]
[1088280, 60, 94, 128]
[1088183, 60, 94, 128]
[1088176, 60, 94, 128]
[1088295, 60, 94, 128]
[1088509, 60, 94, 128]
[1088466, 60, 94, 128]
[1088407, 60, 94, 128]
[1088436, 60, 94, 128]
[1088464, 60, 94, 128]
[1088543, 60, 94, 128]
[1088595, 60, 94, 128]
[1088688, 60, 94, 128]
[1088735, 60, 94, 128]
[1088506, 60, 94, 128]
[1088438, 60, 94, 128]
[1088637, 60, 94, 128]
[1088707, 60, 94, 128]
[1088579, 60, 94, 128]
[1088893, 60, 94, 128]
[1088769, 60, 94, 128]
[1088787, 60, 94, 128]
[1088628, 60, 94, 128]
[1088730, 60, 94, 128]
[1088873, 60, 94, 128]
[1088733, 60, 94, 128]
[1088775, 60, 94, 128]
[1088677, 60, 94, 128]
[1088594, 60, 94, 128]
[1088507, 60, 94, 128]
[1088654, 60, 94, 128]
[1088755, 60, 94, 128]
[1088622, 60, 94, 128]
[1088658, 60, 94, 128]
[1088515, 60, 94, 128]
[1088572, 60, 94, 128]
[1088538, 60, 94, 128]
[1088698, 60, 94, 128]
[1088540, 60, 94, 128]
[1088475, 60, 94, 128]
[1088439, 60, 94, 128]
[1088566, 60, 94, 128]
[1088413, 60, 94, 128]
[1088616, 60, 94, 128]
[1088325, 60, 94, 128]
[1088415, 60, 94, 128]
[1088358, 60, 94, 128]
[1088477, 60, 94, 128]
[1088451, 60, 94, 128]
[1088438, 60, 94, 128]
[1088294, 60, 94, 128]
[1088465, 60, 94, 128]
[1088498, 60, 94, 128]
[1088388, 60, 94, 128]
[1088388, 60, 94, 128]
[1088463, 60, 94, 128]
[1088403, 60, 94, 128]
[1088515, 60, 94, 128]
[1088459, 60, 94, 128]
[1088286, 60, 94, 128]
[1088408, 60, 94, 128]
[1088274, 60, 94, 128]
[1088457, 60, 94, 128]
[1088669, 60, 94, 128]
[1088568, 60, 94, 128]
[1088296, 60, 94, 128]
[1088386, 60, 94, 128]
[1088451, 60, 94, 128]
[1088647, 60, 94, 128]
[1088362, 60, 94, 128]
[1088418, 60, 94, 128]
[1088371, 60, 94, 128]
[1088534, 60, 94, 128]
[1088453, 60, 94, 128]
[1088677, 60, 94, 128]
[1088559, 60, 94, 128]
[1088395, 60, 94, 128]
[1088392, 60, 94, 128]
[1088491, 60, 94, 128]
[1088663, 60, 94, 128]
[1088569, 60, 94, 128]
[1088629, 60, 94, 128]
[1088545, 60, 94, 128]
[1088531, 60, 94, 128]
[1088357, 60, 94, 128]
[1088554, 60, 94, 128]
[1088436, 60, 94, 128]
[1088688, 60, 92, 128]
[1088739, 60, 92, 128]
[1088535, 60, 92, 128]
[1088393, 60, 92, 128]
[1088574, 60, 92, 128]
[1088748, 60, 92, 128]
[1088633, 60, 92, 128]
[1088465, 60, 92, 128]
[1088448, 60, 92, 128]
[1088534, 60, 92, 128]
[1088409, 60, 92, 128]
[1088483, 60, 92, 128]
[1088547, 60, 92, 128]
[1088637, 60, 92, 128]
[1088603, 60, 92, 128]
[1088557, 60, 92, 128]
[1088453, 60, 92, 128]
[1088660, 60, 92, 128]
[1088641, 60, 92, 128]
[1088594, 60, 92, 128]
[1088476, 60, 92, 128]
[1088540, 60, 92, 128]
[1088500, 60, 92, 128]
[1088762, 60, 92, 128]
[1088564, 60, 92, 128]
[1088580, 60, 92, 128]
[1088552, 60, 92, 128]
[1088478, 60, 92, 128]
[1088513, 60, 92, 128]
[1088598, 60, 92, 128]
[1088643, 60, 92, 128]
[1088739, 60, 92, 128]
[1088543, 60, 92, 128]
[1088489, 60, 92, 128]
[1088614, 60, 92, 128]
[1088575, 60, 92, 128]
[1088748, 60, 92, 128]
[1088656, 60, 92, 128]
[1088404, 60, 92, 128]
[1088238, 60, 92, 128]
[1088244, 60, 92, 128]
[1088108, 60, 92, 128]
[1088084, 60, 92, 128]
[1087873, 60, 92, 128]
[1087685, 60, 92, 128]
[1087359, 60, 92, 128]
[1087092, 60, 92, 128]
[1086984, 60, 92, 128]
[1087179, 60, 92, 128]
[1086899, 60, 92, 128]
[1086768, 60, 92, 128]
[1086584, 60, 92, 128]
[1086502, 60, 92, 128]
[1086547, 60, 92, 128]
[1086650, 60, 92, 128]
[1086657, 60, 92, 128]
[1086480, 60, 92, 128]
[1086423, 60, 92, 128]
[1086605, 60, 92, 128]
[1086378, 60, 92, 128]
[1086742, 60, 92, 128]
[1086705, 60, 92, 128]
[1086878, 60, 92, 128]
[1086788, 60, 92, 128]
[1086715, 60, 92, 128]
[1086849, 60, 92, 128]
[1086669, 60, 92, 128]
[1086890, 60, 92, 128]
[1086901, 60, 92, 128]
[1086809, 60, 92, 128]
[1086754, 60, 92, 128]
[1086783, 60, 92, 128]
[1087010, 60, 92, 128]
[1087042, 60, 92, 128]
[1087007, 60, 92, 128]
[1086855, 60, 92, 128]
[1086701, 60, 92, 128]
[1086811, 60, 92, 128]
[1086881, 60, 92, 128]
[1086918, 60, 92, 128]
[1086911, 60, 92, 128]
[1086935, 60, 92, 128]
[1086732, 60, 92, 128]
[1086968, 60, 92, 128]
[1086895, 60, 92, 128]
[1087170, 60, 92, 128]
[1086741, 60, 92, 128]
[1086956, 60, 92, 128]
[1086883, 60, 92, 128]
[1087060, 60, 92, 128]
[1087104, 60, 92, 128]
[1087148, 60, 92, 128]
[1086877, 60, 92, 128]
[1087078, 60, 92, 128]
[1086901, 60, 92, 128]
[1086779, 60, 92, 128]
[1086782, 60, 92, 128]
[1086934, 60, 92, 128]
[1086981, 60, 92, 128]
[1086858, 60, 92, 128]
[1086641, 60, 92, 128]
[1086671, 60, 92, 128]
[1086760, 60, 92, 128]
[1086702, 60, 92, 128]
[1086703, 60, 92, 128]
[1086781, 60, 92, 128]
[1086743, 60, 92, 128]
[1086561, 60, 92, 128]
[1086671, 60, 92, 128]
[1086567, 60, 92, 128]
[1086687, 60, 92, 128]
[1086828, 60, 92, 128]
[1086582, 60, 92, 128]
[1086389, 60, 92, 128]
[1086465, 60, 92, 128]
[1086628, 60, 92, 128]
[1086919, 60, 92, 128]
[1086847, 60, 92, 128]
[1086722, 60, 92, 128]
[1086436, 60, 92, 128]
[1086531, 60, 92, 128]
[1086802, 60, 92, 128]
[1086811, 60, 92, 128]
[1086683, 60, 92, 128]
[1086767, 60, 92, 128]
[1086709, 60, 92, 128]
[1086722, 60, 92, 128]
[1086631, 60, 92, 128]
[1086584, 60, 92, 128]
[1086901, 60, 92, 128]
[1086901, 60, 92, 128]
[1086807, 60, 92, 128]
[1086687, 60, 92, 128]
[1086651, 60, 92, 128]
[1086708, 60, 92, 128]
[1086906, 60, 92, 128]
[1086884, 60, 92, 128]
[1086908, 60, 92, 128]
[1086644, 60, 92, 128]
[1086806, 60, 92, 128]
[1086858, 60, 92, 128]
[1086852, 60, 92, 128]
[1086941, 60, 92, 128]
[1086986, 60, 92, 128]
[1086770, 60, 92, 128]
[1086768, 60, 92, 128]
[1086870, 60, 92, 128]
[1086966, 60, 92, 128]
[1086954, 60, 92, 128]
[1087031, 60, 92, 128]
[1086829, 60, 92, 128]
[1086804, 60, 92, 128]
[1086809, 60, 92, 128]
[1087011, 60, 92, 128]
[1087084, 60, 92, 128]
[1087109, 60, 92, 128]
[1086874, 60, 92, 128]
[1086841, 60, 92, 128]
[1086919, 60, 92, 128]
[1087116, 60, 92, 128]
[1086955, 60, 92, 128]
[1086810, 60, 92, 128]
[1087077, 60, 92, 128]
[1086998, 60, 92, 128]
[1086839, 60, 92, 128]
[1086971, 60, 92, 128]
[1087022, 60, 92, 128]
[1086995, 60, 92, 128]
[1087127, 60, 92, 128]
[1086964, 60, 92, 128]
[1086817, 60, 92, 128]
[1086949, 60, 92, 128]
[1086860, 60, 92, 128]
[1087063, 60, 92, 128]
[1087075, 60, 92, 128]
[1087115, 60, 92, 128]
[1086828, 60, 92, 128]
[1086937, 60, 92, 128]
[1087039, 60, 92, 128]
[1087252, 60, 92, 128]
[1087084, 60, 92, 128]
[1087033, 60, 92, 128]
[1086908, 60, 92, 128]
[1086919, 60, 92, 128]
[1087010, 60, 92, 128]
[1087107, 60, 92, 128]
[1087009, 60, 92, 128]
[1086868, 60, 92, 128]
[1087018, 60, 92, 128]
[1086886, 60, 92, 128]
[1087007, 60, 92, 128]
[1087147, 60, 92, 128]
[1086986, 60, 92, 128]
[1087116, 60, 92, 128]
[1087071, 60, 92, 128]
[1087065, 60, 92, 128]
[1087033, 60, 92, 128]
[1087064, 60, 92, 128]
[1087027, 60, 92, 128]
[1086934, 60, 92, 128]
[1086836, 60, 92, 128]
[1086633, 60, 92, 128]
[1086471, 60, 92, 128]
[1086445, 60, 92, 128]
[1086373, 60, 92, 128]
[1086233, 60, 92, 128]
[1085994, 60, 92, 128]
[1085676, 60, 92, 128]
[1085555, 60, 92, 128]
[1085384, 60, 92, 128]
[1085264, 60, 92, 128]
[1085245, 60, 92, 128]
[1085119, 60, 92, 128]
[1085014, 60, 92, 128]
[1084855, 60, 92, 128]
[1084831, 60, 92, 128]
[1084968, 60, 92, 128]
[1085031, 60, 92, 128]
[1084912, 60, 92, 128]
[1085013, 60, 92, 128]
[1085066, 60, 92, 128]
[1084950, 60, 92, 128]
[1085099, 60, 92, 128]
[1085312, 60, 92, 128]
[1085160, 60, 92, 128]
[1085244, 60, 92, 128]
[1085064, 60, 92, 128]
[1085180, 60, 92, 128]
[1085083, 60, 92, 128]
[1085231, 60, 92, 128]
[1085420, 60, 92, 128]
[1085317, 60, 92, 128]
[1085372, 60, 92, 128]
[1085211, 60, 92, 128]
[1085346, 60, 92, 128]
[1085285, 60, 92, 128]
[1085307, 60, 92, 128]
[1085404, 60, 92, 128]
[1085348, 60, 92, 128]
[1085318, 60, 92, 128]
[1085254, 60, 92, 128]
[1085285, 60, 92, 128]
[1085452, 60, 92, 128]
[1085469, 60, 92, 128]
[1085391, 60, 92, 128]
[1085371, 60, 92, 128]
[1085295, 60, 92, 128]
[1085482, 60, 92, 128]
[1085484, 60, 92, 128]
[1085463, 60, 92, 128]
[1085437, 60, 92, 128]
[1085258, 60, 92, 128]
[1085128, 60, 92, 128]
[1085444, 60, 92, 128]
[1085388, 60, 92, 128]
