[1108715, 71, 92, 145]
[1109804, 71, 92, 145]
[1109817, 71, 92, 145]
[1109675, 71, 92, 145]
[1109629, 71, 92, 145]
[1109401, 71, 92, 145]
[1109470, 71, 92, 145]
[1109311, 71, 92, 145]
[1109506, 71, 92, 145]
[1109497, 71, 92, 145]
[1109282, 71, 92, 145]
[1109199, 71, 92, 145]
[1109106, 71, 92, 145]
[1109082, 71, 92, 145]
[1109066, 71, 92, 145]
[1109091, 71, 92, 145]
[1109340, 71, 92, 145]
[1109140, 71, 92, 145]
[1108909, 71, 92, 145]
[1108883, 71, 92, 145]
[1109127, 71, 92, 145]
[1109176, 71, 92, 145]
[1109151, 71, 92, 145]
[1109102, 71, 92, 145]
[1109239, 71, 92, 145]
[1109219, 71, 92, 145]
[1109188, 71, 92, 145]
[1108975, 71, 92, 145]
[1108973, 71, 92, 145]
[1109201, 71, 92, 145]
[1109201, 71, 92, 145]
[1109291, 71, 92, 145]
[1109335, 71, 92, 145]
[1109334, 71, 92, 145]
[1109109, 71, 92, 145]
[1109321, 71, 92, 145]
[1109022, 71, 92, 145]
[1109180, 71, 92, 145]
[1109229, 71, 92, 145]
[1109458, 71, 92, 145]
[1109358, 71, 92, 145]
[1109128, 71, 92, 145]
[1109138, 71, 92, 145]
[1109152, 71, 92, 145]
[1109099, 71, 92, 145]
[1109291, 71, 92, 145]
[1109282, 71, 92, 145]
[1109349, 71, 92, 145]
[1109258, 71, 92, 145]
[1109144, 71, 92, 145]
[1109284, 71, 92, 145]
[1109393, 71, 92, 145]
[1109286, 71, 92, 145]
[1109445, 71, 92, 145]
[1109278, 71, 92, 145]
[1109275, 71, 92, 145]
[1109267, 71, 92, 145]
[1109387, 71, 92, 145]
[1109225, 71, 92, 145]
[1109320, 71, 92, 145]
[1109404, 71, 92, 145]
[1109458, 71, 92, 145]
[1109574, 71, 92, 145]
[1109504, 71, 92, 145]
[1109271, 71, 92, 145]
[1109418, 71, 92, 145]
[1109281, 71, 92, 145]
[1109487, 71, 92, 145]
[1109404, 71, 92, 145]
[1109559, 71, 92, 145]
[1109527, 71, 92, 145]
[1109356, 71, 92, 145]
[1109369, 71, 92, 145]
[1109335, 71, 92, 145]
[1109538, 71, 92, 145]
[1109591, 71, 92, 145]
[1109599, 71, 92, 145]
[1109623, 71, 92, 145]
[1109523, 71, 92, 145]
[1109371, 71, 92, 145]
[1109360, 71, 92, 145]
[1109510, 71, 92, 145]
[1109535, 71, 92, 145]
[1109612, 71, 92, 145]
[1109548, 71, 92, 145]
[1109419, 71, 92, 145]
[1109559, 71, 92, 145]
[1109493, 71, 92, 145]
[1109523, 71, 92, 145]
[1109681, 71, 92, 145]
[1109844, 71, 92, 145]
[1109798, 71, 92, 145]
[1109807, 71, 92, 145]
[1109866, 71, 92, 145]
[1109882, 71, 92, 145]
[1109709, 71, 92, 145]
[1109811, 71, 92, 145]
[1109553, 71, 92, 145]
[1109956, 71, 92, 145]
[1109893, 71, 92, 145]
[1109811, 71, 92, 145]
[1109728, 71, 92, 145]
[1109546, 71, 92, 145]
[1109463, 71, 92, 145]
[1109392, 71, 92, 145]
[1109407, 71, 92, 145]
[1109216, 71, 92, 145]
[1109147, 71, 92, 145]
[1108836, 71, 92, 145]
[1108744, 71, 92, 145]
[1108529, 71, 92, 145]
[1108480, 71, 92, 145]
[1108567, 71, 92, 145]
[1108538, 71, 92, 145]
[1108442, 71, 92, 145]
[1108539, 71, 92, 145]
[1108261, 71, 92, 145]
[1108255, 71, 92, 145]
[1108517, 71, 92, 145]
[1108540, 71, 92, 145]
[1108606, 71, 92, 145]
[1108483, 71, 92, 145]
[1108353, 71, 92, 145]
[1108431, 71, 92, 145]
[1108450, 71, 92, 145]
[1108554, 71, 92, 145]
[1108504, 71, 92, 145]
[1108772, 71, 92, 145]
[1108852, 71, 92, 145]
[1108900, 71, 92, 145]
[1108704, 71, 92, 145]
[1108703, 71, 92, 145]
[1108776, 71, 92, 145]
[1108674, 71, 92, 145]
[1108700, 71, 92, 145]
[1109028, 71, 92, 145]
[1108916, 71, 92, 145]
[1108960, 71, 92, 145]
[1108877, 71, 92, 145]
[1108903, 71, 92, 145]
[1108820, 71, 92, 145]
[1108743, 71, 92, 145]
[1108813, 71, 92, 145]
[1109077, 71, 92, 145]
[1108884, 71, 92, 145]
[1108793, 71, 92, 145]
[1108858, 71, 92, 145]
[1108943, 71, 92, 145]
[1108971, 71, 92, 145]
[1109091, 71, 92, 145]
[1109089, 71, 92, 145]
[1109145, 71, 92, 145]
[1109112, 71, 92, 145]
[1109000, 71, 92, 145]
[1108768, 71, 92, 145]
[1108871, 71, 92, 145]
[1108902, 71, 92, 145]
[1108872, 71, 92, 145]
[1108988, 71, 92, 145]
[1108919, 71, 92, 145]
[1108834, 71, 92, 145]
[1108844, 71, 92, 145]
[1108582, 71, 92, 145]
[1108687, 71, 92, 145]
[1108748, 71, 92, 145]
[1108552, 71, 92, 145]
[1108674, 71, 92, 145]
[1108806, 71, 92, 145]
[1108588, 71, 92, 145]
[1108467, 71, 92, 145]
[1108404, 71, 92, 145]
[1108471, 71, 92, 145]
[1108578, 71, 92, 145]
[1108527, 71, 92, 145]
[1108574, 71, 92, 145]
[1108660, 71, 92, 145]
[1108490, 71, 92, 145]
[1108493, 71, 92, 145]
[1108374, 71, 92, 145]
[1108570, 71, 92, 145]
[1108790, 71, 92, 145]
[1108823, 71, 92, 145]
[1108655, 71, 92, 145]
[1108725, 71, 92, 145]
[1108631, 71, 92, 145]
[1108592, 71, 92, 145]
[1108457, 71, 92, 145]
[1108906, 71, 92, 145]
[1108841, 71, 92, 145]
[1108810, 71, 92, 145]
[1108740, 71, 92, 145]
[1108857, 71, 92, 145]
[1108799, 71, 92, 145]
[1108693, 71, 92, 145]
[1108661, 71, 92, 145]
[1108742, 71, 92, 145]
[1108903, 71, 92, 145]
[1108916, 71, 92, 145]
[1108834, 71, 92, 145]
[1108999, 71, 92, 145]
[1108868, 71, 92, 145]
[1108687, 71, 92, 145]
[1108879, 71, 92, 145]
[1108899, 71, 92, 145]
[1108950, 71, 92, 145]
[1109007, 71, 92, 145]
[1108926, 71, 92, 145]
[1108784, 71, 92, 145]
[1108877, 71, 92, 145]
[1108883, 71, 92, 145]
[1109131, 71, 92, 145]
[1108956, 71, 92, 145]
[1108935, 71, 92, 145]
[1109079, 71, 92, 145]
[1108905, 71, 92, 145]
[1108894, 71, 92, 145]
[1108876, 71, 92, 145]
[1108973, 71, 92, 145]
[1109304, 71, 92, 145]
[1109146, 71, 92, 145]
[1108994, 71, 92, 145]
[1108825, 71, 92, 145]
[1109086, 71, 92, 145]
[1108968, 71, 92, 145]
[1109022, 71, 92, 145]
[1109032, 71, 92, 145]
[1109054, 71, 92, 145]
[1109087, 71, 92, 145]
[1109155, 71, 92, 145]
[1109087, 71, 92, 145]
[1108835, 71, 92, 145]
[1108960, 71, 92, 145]
[1108899, 71, 92, 145]
[1109152, 71, 92, 145]
[1109157, 71, 92, 145]
[1109184, 71, 92, 145]
[1109263, 71, 92, 145]
[1108905, 71, 92, 145]
[1109227, 71, 92, 145]
[1108917, 71, 92, 145]
[1109199, 71, 92, 145]
[1109400, 71, 92, 145]
[1109310, 71, 92, 145]
[1109051, 71, 92, 145]
[1109108, 71, 92, 145]
[1109000, 71, 92, 145]
[1109126, 71, 92, 145]
[1109276, 71, 92, 145]
[1109159, 71, 92, 145]
[1109263, 71, 92, 145]
[1109114, 71, 92, 145]
[1109112, 71, 92, 145]
[1109194, 71, 92, 145]
[1109225, 71, 92, 145]
[1109337, 71, 92, 145]
[1109322, 71, 92, 145]
[1109390, 71, 92, 145]
[1109353, 71, 92, 145]
[1109248, 71, 92, 145]
[1109244, 71, 92, 145]
[1109287, 71, 92, 145]
[1109292, 71, 92, 145]
[1109414, 71, 92, 145]
[1109487, 71, 92, 145]
[1109359, 71, 92, 145]
[1109542, 71, 92, 145]
[1109305, 71, 92, 145]
[1109480, 71, 92, 145]
[1109368, 71, 92, 145]
[1109622, 71, 92, 145]
[1109583, 71, 92, 145]
[1109604, 71, 92, 145]
[1109429, 71, 92, 145]
[1109568, 71, 92, 145]
[1109290, 71, 92, 145]
[1109366, 71, 92, 145]
[1109486, 71, 92, 145]
[1109418, 71, 92, 145]
[1109335, 71, 92, 145]
[1109163, 71, 92, 145]
[1109052, 71, 92, 145]
[1108802, 71, 92, 145]
[1108926, 71, 92, 145]
[1108731, 71, 92, 145]
[1108672, 71, 92, 145]
[1108171, 71, 92, 145]
[1108235, 71, 92, 145]
[1108073, 71, 92, 145]
[1108017, 71, 92, 145]
[1108090, 71, 92, 145]
[1108049, 71, 92, 145]
[1108030, 71, 92, 145]
[1108103, 71, 92, 145]
[1107937, 71, 92, 145]
[1107915, 71, 92, 145]
[1107860, 71, 92, 145]
[1107933, 71, 92, 145]
[1107815, 71, 92, 145]
[1107853, 71, 92, 145]
[1108056, 71, 92, 145]
[1108039, 71, 92, 145]
[1107938, 71, 92, 145]
[1108082, 71, 92, 145]
[1108183, 71, 92, 145]
[1108098, 71, 92, 145]
[1108296, 71, 92, 145]
[1108412, 71, 92, 145]
[1108457, 71, 92, 145]
[1108389, 71, 92, 145]
[1108230, 71, 92, 145]
[1108335, 71, 92, 145]
[1108327, 71, 92, 145]
[1108448, 71, 92, 145]
[1108576, 71, 92, 145]
[1108579, 71, 92, 145]
[1108477, 71, 92, 145]
[1108424, 71, 92, 145]
[1108453, 71, 92, 145]
[1108453, 71, 92, 145]
[1108634, 71, 92, 145]
[1108568, 71, 92, 145]
[1108635, 71, 92, 145]
[1108493, 71, 92, 145]
[1108503, 71, 92, 145]
[1108446, 71, 92, 145]
[1108519, 71, 92, 145]
[1108559, 71, 92, 145]
[1108559, 71, 92, 145]
[1108574, 71, 92, 145]
[1108649, 71, 92, 145]
[1108738, 71, 92, 145]
[1108526, 71, 92, 145]
[1108425, 71, 92, 145]
[1108367, 71, 92, 145]
[1108568, 71, 92, 145]
[1108653, 71, 92, 145]
[1108653, 71, 92, 145]
[1108439, 71, 92, 145]
[1108406, 71, 92, 145]
[1108372, 71, 92, 145]
[1108348, 71, 92, 145]
[1108331, 71, 92, 145]
[1108655, 71, 92, 145]
[1108695, 71, 92, 145]
[1108368, 71, 92, 145]
[1108233, 71, 92, 145]
[1108293, 71, 92, 145]
[1108428, 71, 92, 145]
[1108569, 71, 92, 145]
[1108433, 71, 92, 145]
[1108486, 71, 92, 145]
[1108527, 71, 92, 145]
[1108401, 71, 92, 145]
[1108139, 71, 92, 145]
[1108450, 71, 92, 145]
[1108636, 71, 92, 145]
[1108530, 71, 92, 145]
[1108604, 71, 92, 145]
[1108507, 71, 92, 145]
[1108506, 71, 92, 145]
[1108424, 71, 92, 145]
[1108471, 71, 92, 145]
[1108605, 71, 92, 145]
[1108475, 71, 92, 145]
[1108712, 71, 92, 145]
[1108679, 71, 92, 145]
[1108829, 71, 92, 145]
[1108672, 71, 92, 145]
[1108395, 71, 92, 145]
[1108408, 71, 92, 145]
[1108507, 71, 92, 145]
[1108678, 71, 92, 145]
[1108611, 71, 92, 145]
[1108759, 71, 92, 145]
[1108664, 71, 92, 145]
[1108559, 71, 92, 145]
[1108546, 71, 92, 145]
[1108333, 71, 92, 145]
[1108668, 71, 92, 145]
[1108829, 71, 92, 145]
[1108638, 71, 92, 145]
[1108750, 71, 92, 145]
[1108639, 71, 92, 145]
[1108604, 71, 92, 145]
[1108715, 71, 92, 145]
[1108621, 71, 92, 145]
[1108765, 71, 92, 145]
[1108786, 71, 92, 145]
[1108717, 71, 92, 145]
[1108647, 71, 92, 145]
[1108630, 71, 92, 145]
[1108640, 71, 92, 145]
[1108704, 71, 92, 145]
[1108886, 71, 92, 145]
[1108982, 71, 92, 145]
[1108870, 71, 92, 145]
[1108935, 71, 92, 145]
[1108604, 71, 92, 145]
[1108721, 71, 92, 145]
[1108672, 71, 92, 145]
[1108787, 71, 92, 145]
[1108890, 71, 92, 145]
[1108711, 71, 92, 145]
[1108822, 71, 92, 145]
[1108767, 71, 92, 145]
[1108736, 71, 92, 145]
[1108729, 71, 92, 145]
[1108678, 71, 92, 145]
[1108873, 71, 92, 145]
[1109060, 71, 92, 145]
[1108801, 71, 92, 145]
[1108784, 71, 92, 145]
[1108727, 71, 92, 145]
[1108962, 71, 92, 145]
[1108837, 71, 92, 145]
[1109033, 71, 92, 145]
[1108962, 71, 92, 145]
[1109015, 71, 92, 145]
[1108754, 71, 92, 145]
[1108817, 71, 92, 145]
[1108883, 71, 92, 145]
[1108981, 71, 92, 145]
[1109091, 71, 92, 145]
[1109022, 71, 92, 145]
[1108977, 71, 92, 145]
[1108960, 71, 92, 145]
[1108988, 71, 92, 145]
[1108988, 71, 92, 145]
[1109040, 71, 92, 145]
[1108930, 71, 92, 145]
[1108966, 71, 92, 145]
[1109037, 71, 92, 145]
[1109191, 71, 92, 145]
[1109096, 71, 92, 145]
[1109059, 71, 92, 145]
[1109022, 71, 92, 145]
[1108935, 71, 92, 145]
[1109007, 71, 92, 145]
[1109292, 71, 92, 145]
[1109329, 71, 92, 145]
[1109226, 71, 92, 145]
[1109176, 71, 92, 145]
[1109193, 71, 92, 145]
[1109199, 71, 92, 145]
[1109321, 71, 92, 145]
[1109224, 71, 92, 145]
[1109383, 71, 92, 145]
[1109265, 71, 92, 145]
[1109165, 71, 92, 145]
[1109102, 71, 92, 145]
[1109204, 71, 92, 145]
[1109391, 71, 92, 145]
[1109385, 71, 92, 145]
[1109337, 71, 92, 145]
[1109292, 71, 92, 145]
[1109144, 71, 92, 145]
[1109268, 71, 92, 145]
[1109176, 71, 92, 145]
[1109197, 71, 92, 145]
[1109111, 71, 92, 145]
[1109029, 71, 92, 145]
[1108998, 71, 92, 145]
[1108918, 71, 92, 145]
[1108638, 71, 92, 145]
[1108337, 71, 92, 145]
[1108376, 71, 92, 145]
[1108230, 71, 92, 145]
[1108065, 71, 92, 145]
[1108062, 71, 92, 145]
[1107879, 71, 92, 145]
[1107976, 71, 92, 145]
[1107734, 71, 92, 145]
[1107832, 71, 92, 145]
[1107861, 71, 92, 145]
[1107789, 71, 92, 145]
[1107860, 71, 92, 145]
[1107782, 71, 92, 145]
[1107724, 71, 92, 145]
[1107800, 71, 92, 145]
[1107756, 71, 92, 145]
[1107863, 71, 92, 145]
[1107932, 71, 92, 145]
[1108201, 71, 92, 145]
[1107969, 71, 92, 145]
[1108090, 71, 92, 145]
[1108175, 71, 92, 145]
[1108211, 71, 92, 145]
[1108389, 71, 92, 145]
[1108501, 71, 92, 145]
[1108556, 71, 92, 145]
[1108414, 71, 92, 145]
[1108392, 71, 92, 145]
[1108355, 71, 92, 145]
[1108487, 71, 92, 145]
[1108327, 71, 92, 145]
[1108446, 71, 92, 145]
[1108399, 71, 92, 145]
[1108674, 71, 92, 145]
[1108480, 71, 92, 145]
[1108335, 71, 92, 145]
[1108376, 71, 92, 145]
[1108460, 71, 92, 145]
[1108591, 71, 92, 145]
[1108648, 71, 92, 145]
[1108613, 71, 92, 145]
[1108679, 71, 92, 145]
[1108352, 71, 92, 145]
[1108439, 71, 92, 145]
[1108403, 71, 92, 145]
[1108589, 71, 92, 145]
[1108674, 71, 92, 145]
[1108589, 71, 92, 145]
[1108469, 71, 92, 145]
[1108461, 71, 92, 145]
[1109846, 57, 88, 143]
[1109881, 57, 88, 143]
[1109757, 57, 88, 143]
[1109739, 57, 88, 143]
[1109800, 57, 88, 143]
[1109849, 57, 88, 143]
[1109940, 57, 88, 143]
[1109838, 57, 88, 143]
[1109920, 57, 88, 143]
[1109618, 57, 88, 143]
[1109561, 57, 88, 143]
[1109565, 57, 88, 143]
[1109316, 57, 88, 143]
[1109341, 57, 88, 143]
[1109201, 57, 88, 143]
[1109032, 57, 88, 143]
[1108720, 57, 88, 143]
[1108497, 57, 88, 143]
[1108640, 57, 88, 143]
[1108587, 57, 88, 143]
[1108519, 57, 88, 143]
[1108542, 57, 88, 143]
[1108507, 57, 88, 143]
[1108371, 57, 88, 143]
[1108562, 57, 88, 143]
[1108533, 57, 88, 143]
[1108507, 57, 88, 143]
[1108399, 57, 88, 143]
[1108605, 57, 88, 143]
[1108711, 57, 88, 143]
[1108740, 57, 88, 143]
[1108646, 57, 88, 143]
[1108765, 57, 88, 143]
[1108710, 57, 88, 143]
[1108731, 57, 88, 143]
[1108902, 57, 88, 143]
[1109063, 57, 88, 143]
[1109028, 57, 88, 143]
[1109199, 57, 88, 143]
[1109197, 57, 88, 143]
[1108848, 57, 88, 143]
[1109066, 57, 88, 143]
[1109038, 57, 88, 143]
[1109176, 57, 88, 143]
[1109268, 57, 88, 143]
[1109120, 57, 88, 143]
[1108824, 57, 88, 143]
[1108986, 57, 88, 143]
[1109118, 57, 88, 143]
[1109305, 57, 88, 143]
[1109331, 57, 88, 143]
[1109253, 57, 88, 143]
[1109262, 57, 88, 143]
[1109256, 57, 88, 143]
[1109169, 57, 88, 143]
[1109346, 57, 88, 143]
[1109292, 57, 88, 143]
[1109463, 57, 88, 143]
[1109474, 57, 88, 143]
[1109353, 57, 88, 143]
[1109423, 57, 88, 143]
[1109233, 57, 88, 143]
[1109453, 57, 88, 143]
[1109421, 57, 88, 143]
[1109387, 57, 88, 143]
[1109387, 57, 88, 143]
[1109351, 57, 88, 143]
[1109275, 57, 88, 143]
[1109197, 57, 88, 143]
[1109127, 57, 88, 143]
[1109136, 57, 88, 143]
[1109355, 57, 88, 143]
[1109348, 57, 88, 143]
[1109350, 57, 88, 143]
[1109185, 57, 88, 143]
[1109024, 57, 88, 143]
[1109117, 57, 88, 143]
[1109385, 57, 88, 143]
[1109357, 57, 88, 143]
[1109446, 57, 88, 143]
[1109129, 57, 88, 143]
[1109350, 57, 88, 143]
[1109284, 57, 88, 143]
[1109404, 57, 88, 143]
[1109339, 57, 88, 143]
[1109525, 57, 88, 143]
[1109489, 57, 88, 143]
[1109276, 57, 88, 143]
[1109206, 57, 88, 143]
[1109331, 57, 88, 143]
[1109245, 57, 88, 143]
[1109316, 57, 88, 143]
[1109455, 57, 88, 143]
[1109534, 57, 88, 143]
[1109459, 57, 88, 143]
[1109403, 57, 88, 143]
[1109388, 57, 88, 143]
[1109409, 57, 88, 143]
[1109400, 57, 88, 143]
[1109442, 57, 88, 143]
[1109610, 57, 88, 143]
[1109566, 57, 88, 143]
[1109366, 57, 88, 143]
[1109487, 57, 88, 143]
[1109426, 57, 88, 143]
[1109523, 57, 88, 143]
[1109425, 57, 88, 143]
[1109585, 57, 88, 143]
[1109604, 57, 88, 143]
[1109720, 57, 88, 143]
[1109582, 57, 88, 143]
[1109491, 57, 88, 143]
[1109480, 57, 88, 143]
[1109508, 57, 88, 143]
[1109849, 57, 88, 143]
[1109675, 57, 88, 143]
[1109665, 57, 88, 143]
[1109764, 57, 88, 143]
[1109565, 57, 88, 143]
[1109633, 57, 88, 143]
[1109648, 57, 88, 143]
[1109681, 57, 88, 143]
[1109803, 57, 88, 143]
[1109851, 57, 88, 143]
[1109801, 57, 88, 143]
[1109809, 57, 88, 143]
[1109824, 57, 88, 143]
[1109736, 57, 88, 143]
[1109864, 57, 88, 143]
[1110035, 57, 88, 143]
[1109713, 57, 88, 143]
[1109762, 57, 88, 143]
[1109822, 57, 88, 143]
[1109782, 57, 88, 143]
[1109656, 57, 88, 143]
[1109868, 57, 88, 143]
[1110073, 57, 88, 143]
[1109950, 57, 88, 143]
[1110037, 57, 88, 143]
[1109770, 57, 88, 143]
[1109795, 57, 88, 143]
[1109741, 57, 88, 143]
[1109907, 57, 88, 143]
[1110132, 57, 88, 143]
[1110024, 57, 88, 143]
[1109984, 57, 88, 143]
[1109916, 57, 88, 143]
[1110041, 57, 88, 143]
[1110001, 57, 88, 143]
[1110080, 57, 88, 143]
[1110122, 57, 88, 143]
[1110037, 57, 88, 143]
[1109913, 57, 88, 143]
[1109886, 57, 88, 143]
[1109916, 57, 88, 143]
[1109964, 57, 88, 143]
[1109743, 57, 88, 143]
[1109669, 57, 88, 143]
[1109875, 57, 88, 143]
[1109579, 57, 88, 143]
[1109409, 57, 88, 143]
[1109101, 57, 88, 143]
[1109102, 57, 88, 143]
[1108931, 57, 88, 143]
[1108917, 57, 88, 143]
[1108996, 57, 88, 143]
[1108727, 57, 88, 143]
[1108736, 57, 88, 143]
[1108706, 57, 88, 143]
[1108401, 57, 88, 143]
[1108589, 57, 88, 143]
[1108657, 57, 88, 143]
[1108903, 57, 88, 143]
[1108905, 57, 88, 143]
[1108744, 57, 88, 143]
[1108901, 57, 88, 143]
[1108850, 57, 88, 143]
[1108922, 57, 88, 143]
[1108952, 57, 88, 143]
[1108951, 57, 88, 143]
[1109155, 57, 88, 143]
[1109051, 57, 88, 143]
[1108970, 57, 88, 143]
[1108933, 57, 88, 143]
[1109287, 57, 88, 143]
[1109233, 57, 88, 143]
[1109305, 57, 88, 143]
[1109189, 57, 88, 143]
[1109435, 57, 88, 143]
[1109428, 57, 88, 143]
[1109387, 57, 88, 143]
[1109160, 57, 88, 143]
[1109195, 57, 88, 143]
[1109354, 57, 88, 143]
[1109358, 57, 88, 143]
[1109438, 57, 88, 143]
[1109476, 57, 88, 143]
[1109542, 57, 88, 143]
[1109432, 57, 88, 143]
[1109396, 57, 88, 143]
[1109335, 57, 88, 143]
[1109409, 57, 88, 143]
[1109542, 57, 88, 143]
[1109539, 57, 88, 143]
[1109732, 57, 88, 143]
[1109534, 57, 88, 143]
[1109491, 57, 88, 143]
[1109372, 57, 88, 143]
[1109600, 57, 88, 143]
[1109527, 57, 88, 143]
[1109504, 57, 88, 143]
[1109413, 57, 88, 143]
[1109387, 57, 88, 143]
[1109224, 57, 88, 143]
[1109346, 57, 88, 143]
[1109325, 57, 88, 143]
[1109411, 57, 88, 143]
[1109459, 57, 88, 143]
[1109207, 57, 88, 143]
[1108971, 57, 88, 143]
[1109120, 57, 88, 143]
[1108991, 57, 88, 143]
[1109150, 57, 88, 143]
[1108981, 57, 88, 143]
[1109024, 57, 88, 143]
[1109216, 57, 88, 143]
[1109178, 57, 88, 143]
[1109080, 57, 88, 143]
[1109169, 57, 88, 143]
[1109106, 57, 88, 143]
[1109258, 57, 88, 143]
[1109223, 57, 88, 143]
[1109216, 57, 88, 143]
[1109211, 57, 88, 143]
[1109114, 57, 88, 143]
[1109197, 57, 88, 143]
[1109054, 57, 88, 143]
[1109180, 57, 88, 143]
[1109322, 57, 88, 143]
[1109378, 57, 88, 143]
[1109218, 57, 88, 143]
[1109031, 57, 88, 143]
[1109273, 57, 88, 143]
[1109190, 57, 88, 143]
[1109452, 57, 88, 143]
[1109365, 57, 88, 143]
[1109308, 57, 88, 143]
[1109022, 57, 88, 143]
[1109218, 57, 88, 143]
[1109107, 57, 88, 143]
[1109284, 57, 88, 143]
[1109175, 57, 88, 143]
[1109362, 57, 88, 143]
[1109252, 57, 88, 143]
[1108950, 57, 88, 143]
[1109081, 57, 88, 143]
[1109154, 71, 90, 143]
[1109421, 71, 90, 143]
[1109444, 71, 90, 143]
[1109384, 71, 90, 143]
[1109305, 71, 90, 143]
[1109233, 71, 90, 143]
[1109250, 71, 90, 143]
[1109096, 71, 90, 143]
[1109405, 71, 90, 143]
[1109359, 71, 90, 143]
[1109252, 71, 90, 143]
[1109094, 71, 90, 143]
[1109342, 71, 90, 143]
[1109395, 71, 90, 143]
[1109180, 71, 90, 143]
[1109353, 71, 90, 143]
[1109354, 71, 90, 143]
[1109519, 71, 90, 143]
[1109401, 71, 90, 143]
[1109418, 71, 90, 143]
[1109326, 71, 90, 143]
[1109489, 71, 90, 143]
[1109528, 71, 90, 143]
[1109495, 71, 90, 143]
[1109349, 71, 90, 143]
[1109389, 71, 90, 143]
[1109370, 71, 90, 143]
[1109549, 71, 90, 143]
[1109602, 71, 90, 143]
[1109542, 71, 90, 143]
[1109622, 71, 90, 143]
[1109499, 71, 90, 143]
[1109544, 71, 90, 143]
[1109448, 71, 90, 143]
[1109419, 71, 90, 143]
[1109320, 71, 90, 143]
[1109466, 71, 90, 143]
[1109518, 71, 90, 143]
[1109496, 71, 90, 143]
[1109477, 71, 90, 143]
[1109466, 71, 90, 143]
[1109191, 71, 90, 143]
[1109175, 71, 90, 143]
[1109267, 71, 90, 143]
[1109155, 71, 90, 143]
[1109027, 71, 90, 143]
[1108813, 71, 90, 143]
[1108672, 71, 90, 143]
[1108591, 71, 90, 143]
[1108490, 71, 90, 143]
[1108568, 71, 90, 143]
[1108667, 71, 90, 143]
[1108376, 71, 90, 143]
[1108263, 71, 90, 143]
[1108200, 71, 90, 143]
[1108277, 71, 90, 143]
[1108348, 71, 90, 143]
[1108422, 71, 90, 143]
[1108389, 71, 90, 143]
[1108293, 71, 90, 143]
[1108314, 71, 90, 143]
[1108450, 71, 90, 143]
[1108434, 71, 90, 143]
[1108512, 71, 90, 143]
[1108672, 71, 90, 143]
[1108706, 71, 90, 143]
[1108758, 71, 90, 143]
[1108683, 71, 90, 143]
[1108700, 71, 90, 143]
[1108800, 71, 90, 143]
[1108987, 71, 90, 143]
[1108926, 71, 90, 143]
[1108913, 71, 90, 143]
[1108977, 71, 90, 143]
[1108892, 71, 90, 143]
[1108833, 71, 90, 143]
[1108818, 71, 90, 143]
[1108825, 71, 90, 143]
[1108937, 71, 90, 143]
[1108965, 71, 90, 143]
[1109259, 71, 90, 143]
[1108952, 71, 90, 143]
[1109037, 71, 90, 143]
[1108949, 71, 90, 143]
[1108936, 71, 90, 143]
[1108957, 71, 90, 143]
[1109294, 71, 90, 143]
[1109182, 71, 90, 143]
[1109094, 71, 90, 143]
[1108981, 71, 90, 143]
[1108951, 71, 90, 143]
[1108979, 71, 90, 143]
[1109177, 71, 90, 143]
[1109193, 71, 90, 143]
[1108997, 71, 90, 143]
[1108868, 71, 90, 143]
[1108977, 71, 90, 143]
[1109031, 71, 90, 143]
[1108862, 71, 90, 143]
[1108964, 71, 90, 143]
[1108873, 71, 90, 143]
[1108979, 71, 90, 143]
[1108960, 71, 90, 143]
[1108721, 71, 90, 143]
[1108604, 71, 90, 143]
[1108492, 71, 90, 143]
[1108645, 71, 90, 143]
[1108947, 71, 90, 143]
[1108840, 71, 90, 143]
[1108873, 71, 90, 143]
[1108687, 71, 90, 143]
[1108638, 71, 90, 143]
[1108741, 71, 90, 143]
[1108485, 71, 90, 143]
[1108875, 71, 90, 143]
[1108853, 71, 90, 143]
[1108852, 71, 90, 143]
[1108708, 71, 90, 143]
[1108624, 71, 90, 143]
[1108727, 71, 90, 143]
[1108753, 71, 90, 143]
[1108862, 71, 90, 143]
[1108905, 71, 90, 143]
[1108817, 71, 90, 143]
[1108864, 71, 90, 143]
[1108892, 71, 90, 143]
[1108862, 71, 90, 143]
[1108921, 71, 90, 143]
[1109066, 71, 90, 143]
[1109072, 71, 90, 143]
[1109039, 71, 90, 143]
[1108860, 71, 90, 143]
[1109128, 71, 90, 143]
[1108999, 71, 90, 143]
[1109050, 71, 90, 143]
[1109003, 71, 90, 143]
[1108926, 71, 90, 143]
[1109001, 71, 90, 143]
[1108929, 71, 90, 143]
[1109052, 71, 90, 143]
[1109121, 71, 90, 143]
[1109039, 71, 90, 143]
[1109000, 71, 90, 143]
[1108924, 71, 90, 143]
[1109082, 71, 90, 143]
[1109079, 71, 90, 143]
[1109300, 71, 90, 143]
[1109089, 71, 90, 143]
[1109176, 71, 90, 143]
[1109054, 71, 90, 143]
[1108990, 71, 90, 143]
[1109097, 71, 90, 143]
[1109165, 71, 90, 143]
[1109284, 71, 90, 143]
[1109170, 71, 90, 143]
[1109114, 71, 90, 143]
[1109186, 71, 90, 143]
[1108911, 71, 90, 143]
[1109107, 71, 90, 143]
[1109126, 71, 90, 143]
[1109178, 71, 90, 143]
[1109167, 71, 90, 143]
[1109028, 71, 90, 143]
[1108975, 71, 90, 143]
[1109082, 71, 90, 143]
[1109206, 71, 90, 143]
[1109114, 71, 90, 143]
[1109182, 71, 90, 143]
[1109314, 71, 90, 143]
[1109248, 71, 90, 143]
[1109168, 71, 90, 143]
[1109210, 71, 90, 143]
[1109050, 71, 90, 143]
[1109060, 71, 90, 143]
[1109041, 71, 90, 143]
[1109453, 71, 90, 143]
[1109295, 71, 90, 143]
[1109252, 71, 90, 143]
[1108903, 71, 90, 143]
[1108979, 71, 90, 143]
[1109125, 71, 90, 143]
[1109335, 71, 90, 143]
[1109218, 71, 90, 143]
[1109243, 71, 90, 143]
[1109260, 71, 90, 143]
[1109178, 71, 90, 143]
[1109297, 71, 90, 143]
[1109229, 71, 90, 143]
[1109168, 71, 90, 143]
[1109511, 71, 90, 143]
[1109375, 71, 90, 143]
[1109254, 71, 90, 143]
[1109430, 71, 90, 143]
[1109328, 71, 90, 143]
[1109458, 71, 90, 143]
[1109385, 71, 90, 143]
[1109614, 71, 90, 143]
[1109570, 71, 90, 143]
[1109461, 71, 90, 143]
[1109586, 71, 90, 143]
[1109332, 71, 90, 143]
[1109259, 71, 90, 143]
[1109190, 71, 90, 143]
[1109231, 71, 90, 143]
[1109288, 71, 90, 143]
[1108856, 71, 90, 143]
[1108936, 71, 90, 143]
[1108519, 71, 90, 143]
[1108388, 71, 90, 143]
[1108486, 71, 90, 143]
[1108326, 71, 90, 143]
[1108218, 71, 90, 143]
[1108111, 71, 90, 143]
[1108013, 71, 90, 143]
[1107830, 71, 90, 143]
[1107813, 71, 90, 143]
[1108000, 71, 90, 143]
[1108013, 71, 90, 143]
[1107995, 71, 90, 143]
[1108050, 71, 90, 143]
[1107812, 71, 90, 143]
[1107961, 71, 90, 143]
[1107968, 71, 90, 143]
[1108024, 71, 90, 143]
[1108183, 71, 90, 143]
[1108480, 71, 90, 143]
[1108268, 71, 90, 143]
[1108150, 71, 90, 143]
[1108305, 71, 90, 143]
[1108375, 71, 90, 143]
[1108480, 71, 90, 143]
[1108516, 71, 90, 143]
[1108516, 71, 90, 143]
[1108551, 71, 90, 143]
[1108316, 71, 90, 143]
[1108510, 71, 90, 143]
[1108441, 71, 90, 143]
[1108328, 71, 90, 143]
[1108383, 71, 90, 143]
[1108493, 71, 90, 143]
[1108518, 71, 90, 143]
[1108606, 71, 90, 143]
[1108522, 71, 90, 143]
[1108212, 71, 90, 143]
[1108488, 71, 90, 143]
[1108659, 71, 90, 143]
[1108879, 71, 90, 143]
[1108630, 71, 90, 143]
[1108823, 71, 90, 143]
[1108722, 71, 90, 143]
[1108490, 71, 90, 143]
[1108506, 71, 90, 143]
[1108623, 71, 90, 143]
[1108685, 71, 90, 143]
[1108783, 71, 90, 143]
[1108559, 71, 90, 143]
[1108397, 71, 90, 143]
[1108432, 71, 92, 139]
[1108564, 71, 92, 139]
[1108615, 71, 92, 139]
[1108490, 71, 92, 139]
[1108331, 71, 92, 139]
[1108376, 71, 92, 139]
[1108309, 71, 92, 139]
[1108338, 71, 92, 139]
[1108354, 71, 92, 139]
[1108320, 71, 92, 139]
[1108327, 71, 92, 139]
[1108370, 71, 92, 139]
[1108199, 71, 92, 139]
[1108340, 71, 92, 139]
[1108080, 71, 92, 139]
[1108238, 71, 92, 139]
[1108130, 71, 92, 139]
[1108358, 71, 92, 139]
[1108388, 71, 92, 139]
[1108252, 71, 92, 139]
[1108141, 71, 92, 139]
[1108277, 71, 92, 139]
[1108288, 71, 92, 139]
[1108229, 71, 92, 139]
[1108363, 71, 92, 139]
[1108408, 71, 92, 139]
[1108474, 71, 92, 139]
[1108192, 71, 92, 139]
[1108158, 71, 92, 139]
[1108346, 71, 92, 139]
[1108237, 71, 92, 139]
[1108334, 71, 92, 139]
[1108422, 71, 92, 139]
[1108253, 71, 92, 139]
[1108261, 71, 92, 139]
[1108291, 71, 92, 139]
[1108492, 71, 92, 139]
[1108582, 71, 92, 139]
[1108565, 71, 92, 139]
[1108393, 71, 92, 139]
[1108199, 71, 92, 139]
[1108399, 71, 92, 139]
[1108389, 71, 92, 139]
[1108376, 71, 92, 139]
[1108414, 71, 92, 139]
[1108448, 71, 92, 139]
[1108590, 71, 92, 139]
[1108588, 71, 92, 139]
[1108476, 71, 92, 139]
[1108406, 71, 92, 139]
[1108450, 71, 92, 139]
[1108374, 71, 92, 139]
[1108522, 71, 92, 139]
[1108462, 71, 92, 139]
[1108556, 71, 92, 139]
[1108402, 71, 92, 139]
[1108539, 71, 92, 139]
[1108437, 71, 92, 139]
[1108486, 71, 92, 139]
[1108418, 71, 92, 139]
[1108543, 71, 92, 139]
[1108729, 71, 92, 139]
[1108730, 71, 92, 139]
[1108735, 71, 92, 139]
[1108510, 71, 92, 139]
[1108561, 71, 92, 139]
[1108609, 71, 92, 139]
[1108666, 71, 92, 139]
[1108578, 71, 92, 139]
[1108581, 71, 92, 139]
[1108436, 71, 92, 139]
[1108303, 71, 92, 139]
[1108373, 71, 92, 139]
[1108661, 71, 92, 139]
[1108629, 71, 92, 139]
[1108525, 71, 92, 139]
[1108633, 71, 92, 139]
[1108734, 71, 92, 139]
[1108579, 71, 92, 139]
[1108486, 71, 92, 139]
[1108416, 71, 92, 139]
[1108624, 71, 92, 139]
[1108550, 71, 92, 139]
[1108751, 71, 92, 139]
[1108560, 71, 92, 139]
[1108827, 71, 92, 139]
[1108687, 71, 92, 139]
[1108715, 71, 92, 139]
[1108527, 71, 92, 139]
[1108683, 71, 92, 139]
[1108824, 71, 92, 139]
[1108716, 71, 92, 139]
[1108753, 71, 92, 139]
[1108736, 71, 92, 139]
[1108649, 71, 92, 139]
[1108693, 71, 92, 139]
[1108716, 71, 92, 139]
[1108920, 71, 92, 139]
[1108728, 71, 92, 139]
[1108693, 71, 92, 139]
[1108751, 71, 92, 139]
[1109000, 71, 92, 139]
[1108746, 71, 92, 139]
[1108712, 71, 92, 139]
[1108915, 71, 92, 139]
[1109039, 71, 92, 139]
[1108824, 71, 92, 139]
[1108896, 71, 92, 139]
[1108907, 71, 92, 139]
[1108754, 71, 92, 139]
[1108881, 71, 92, 139]
[1108895, 71, 92, 139]
[1109273, 71, 92, 139]
[1109051, 71, 92, 139]
[1109038, 71, 92, 139]
[1108905, 71, 92, 139]
[1108973, 71, 92, 139]
[1109137, 71, 92, 139]
[1109244, 71, 92, 139]
[1109233, 71, 92, 139]
[1109223, 71, 92, 139]
[1109187, 71, 92, 139]
[1109146, 71, 92, 139]
[1109049, 71, 92, 139]
[1108873, 71, 92, 139]
[1108856, 71, 92, 139]
[1108941, 71, 92, 139]
[1108627, 71, 92, 139]
[1108501, 71, 92, 139]
[1108164, 71, 92, 139]
[1108115, 71, 92, 139]
[1108023, 71, 92, 139]
[1107836, 71, 92, 139]
[1107742, 71, 92, 139]
[1107604, 71, 92, 139]
[1107499, 71, 92, 139]
[1107480, 71, 92, 139]
[1107397, 71, 92, 139]
[1107427, 71, 92, 139]
[1107515, 71, 92, 139]
[1107483, 71, 92, 139]
[1107374, 71, 92, 139]
[1107525, 71, 92, 139]
[1107379, 71, 92, 139]
[1107492, 71, 92, 139]
[1107348, 71, 92, 139]
[1107415, 71, 92, 139]
[1107704, 71, 92, 139]
[1107550, 71, 92, 139]
[1107686, 71, 92, 139]
[1107734, 71, 92, 139]
[1107800, 71, 92, 139]
[1107742, 71, 92, 139]
[1108006, 71, 92, 139]
[1107953, 71, 92, 139]
[1108133, 71, 92, 139]
[1107949, 71, 92, 139]
[1107906, 71, 92, 139]
[1107839, 71, 92, 139]
[1107870, 71, 92, 139]
[1107885, 71, 92, 139]
[1108022, 71, 92, 139]
[1108154, 71, 92, 139]
[1108050, 71, 92, 139]
[1107965, 71, 92, 139]
[1107870, 71, 92, 139]
[1107900, 71, 92, 139]
[1107980, 71, 92, 139]
[1108107, 71, 92, 139]
[1108303, 71, 92, 139]
[1108239, 71, 92, 139]
[1107878, 71, 92, 139]
[1108206, 71, 92, 139]
[1108069, 71, 92, 139]
[1108245, 71, 92, 139]
[1108276, 71, 92, 139]
[1108228, 71, 92, 139]
[1108261, 71, 92, 139]
[1108310, 71, 92, 139]
[1108045, 71, 92, 139]
[1108212, 71, 92, 139]
[1107972, 71, 92, 139]
[1107874, 71, 92, 139]
[1108158, 71, 92, 139]
[1108004, 71, 92, 139]
[1108037, 71, 92, 139]
[1108015, 71, 92, 139]
[1107717, 71, 92, 139]
[1107788, 71, 92, 139]
[1107827, 71, 92, 139]
[1107730, 71, 92, 139]
[1107895, 71, 92, 139]
[1107887, 71, 92, 139]
[1107947, 71, 92, 139]
[1107694, 71, 92, 139]
[1107630, 71, 92, 139]
[1107744, 71, 92, 139]
[1107793, 71, 92, 139]
[1108014, 71, 92, 139]
[1107849, 71, 92, 139]
[1107788, 71, 92, 139]
[1107856, 71, 92, 139]
[1107753, 71, 92, 139]
[1107864, 71, 92, 139]
[1108004, 71, 92, 139]
[1108122, 71, 92, 139]
[1108047, 71, 92, 139]
[1107933, 71, 92, 139]
[1107898, 71, 92, 139]
[1107957, 71, 92, 139]
[1107934, 71, 92, 139]
[1107914, 71, 92, 139]
[1108087, 71, 92, 139]
[1107995, 71, 92, 139]
[1108109, 71, 92, 139]
[1108105, 71, 92, 139]
[1108112, 71, 92, 139]
[1107984, 71, 92, 139]
[1107890, 71, 92, 139]
[1107944, 71, 92, 139]
[1108024, 71, 92, 139]
[1108134, 71, 92, 139]
[1108062, 71, 92, 139]
[1108079, 71, 92, 139]
[1108090, 71, 92, 139]
[1107999, 71, 92, 139]
[1107958, 71, 92, 139]
[1108020, 71, 92, 139]
[1108086, 71, 92, 139]
[1108189, 71, 92, 139]
[1108298, 71, 92, 139]
[1107963, 71, 92, 139]
[1108085, 71, 92, 139]
[1108192, 71, 92, 139]
[1108298, 71, 92, 139]
[1108103, 71, 92, 139]
[1108308, 71, 92, 139]
[1108144, 71, 92, 139]
[1108036, 71, 92, 139]
[1108019, 71, 92, 139]
[1108344, 71, 92, 139]
[1108255, 71, 92, 139]
[1108143, 71, 92, 139]
[1107941, 71, 92, 139]
[1108277, 71, 92, 139]
[1108092, 71, 92, 139]
[1108132, 71, 92, 139]
[1108155, 71, 92, 139]
[1108092, 71, 92, 139]
[1108251, 71, 92, 139]
[1108080, 71, 92, 139]
[1108310, 71, 92, 139]
[1108403, 71, 92, 139]
[1108251, 71, 92, 139]
[1108139, 71, 92, 139]
[1107965, 69, 90, 135]
[1108247, 69, 90, 135]
[1108159, 69, 90, 135]
[1108291, 69, 90, 135]
[1108357, 69, 90, 135]
[1108246, 69, 90, 135]
[1108275, 69, 90, 135]
[1108243, 69, 90, 135]
[1108226, 69, 90, 135]
[1108196, 69, 90, 135]
[1108338, 69, 90, 135]
[1108371, 69, 90, 135]
[1108239, 69, 90, 135]
[1108145, 69, 90, 135]
[1108405, 69, 90, 135]
[1108313, 69, 90, 135]
[1108435, 69, 90, 135]
[1108412, 69, 90, 135]
[1108487, 69, 90, 135]
[1108429, 69, 90, 135]
[1108334, 69, 90, 135]
[1108437, 69, 90, 135]
[1108473, 69, 90, 135]
[1108384, 69, 90, 135]
[1108578, 69, 90, 135]
[1108607, 69, 90, 135]
[1108592, 69, 90, 135]
[1108653, 69, 90, 135]
[1108444, 69, 90, 135]
[1108461, 69, 90, 135]
[1108431, 69, 90, 135]
[1108490, 69, 90, 135]
[1108649, 69, 90, 135]
[1108493, 69, 90, 135]
[1108751, 69, 90, 135]
[1108604, 69, 90, 135]
[1108640, 69, 90, 135]
[1108533, 69, 90, 135]
[1108668, 69, 90, 135]
[1108506, 69, 90, 135]
[1108762, 69, 90, 135]
[1108727, 69, 90, 135]
[1108623, 69, 90, 135]
[1108488, 69, 90, 135]
[1108587, 69, 90, 135]
[1108602, 69, 90, 135]
[1108632, 69, 90, 135]
[1108836, 69, 90, 135]
[1108702, 69, 90, 135]
[1108770, 69, 90, 135]
[1108832, 69, 90, 135]
[1108835, 69, 90, 135]
[1108704, 69, 90, 135]
[1108828, 69, 90, 135]
[1108771, 69, 90, 135]
[1109022, 69, 90, 135]
[1108948, 69, 90, 135]
[1108866, 69, 90, 135]
[1108729, 69, 90, 135]
[1108612, 69, 90, 135]
[1108374, 69, 90, 135]
[1108195, 69, 90, 135]
[1108094, 69, 90, 135]
[1108048, 69, 90, 135]
[1107731, 69, 90, 135]
[1107552, 69, 90, 135]
[1107415, 69, 90, 135]
[1107416, 69, 90, 135]
[1107206, 69, 90, 135]
[1107203, 69, 90, 135]
[1107241, 69, 90, 135]
[1107148, 69, 90, 135]
[1107229, 69, 90, 135]
[1107010, 69, 90, 135]
[1107071, 69, 90, 135]
[1106957, 69, 90, 135]
[1107160, 69, 90, 135]
[1107184, 69, 90, 135]
[1107335, 69, 90, 135]
[1107212, 69, 90, 135]
[1107280, 69, 90, 135]
[1107059, 69, 90, 135]
[1107379, 69, 90, 135]
[1107420, 69, 90, 135]
[1107529, 69, 90, 135]
[1107619, 69, 90, 135]
[1107612, 69, 90, 135]
[1107512, 69, 90, 135]
[1107691, 69, 90, 135]
[1107561, 69, 90, 135]
[1107466, 69, 90, 135]
[1107482, 69, 90, 135]
[1107802, 69, 90, 135]
[1107960, 69, 90, 135]
[1107603, 69, 90, 135]
[1107711, 69, 90, 135]
[1107676, 69, 90, 135]
[1107612, 69, 90, 135]
[1107806, 69, 90, 135]
[1107774, 69, 90, 135]
[1107826, 69, 90, 135]
[1107912, 69, 90, 135]
[1107756, 69, 90, 135]
[1107747, 69, 90, 135]
[1107764, 69, 90, 135]
[1107902, 69, 90, 135]
[1107881, 69, 90, 135]
[1108004, 69, 90, 135]
[1107870, 69, 90, 135]
[1107881, 69, 90, 135]
[1107915, 69, 90, 135]
[1107827, 69, 90, 135]
[1108019, 69, 90, 135]
[1108166, 69, 90, 135]
[1107917, 69, 90, 135]
[1107768, 69, 90, 135]
[1107700, 69, 90, 135]
[1107658, 69, 90, 135]
[1107720, 69, 90, 135]
[1107732, 69, 90, 135]
[1107686, 69, 90, 135]
[1107684, 69, 90, 135]
[1107684, 69, 90, 135]
[1107839, 69, 90, 135]
[1107578, 69, 90, 135]
[1107474, 69, 90, 135]
[1107480, 69, 90, 135]
[1107459, 69, 90, 135]
[1107623, 69, 90, 135]
[1107593, 69, 90, 135]
[1107723, 69, 90, 135]
[1107449, 69, 90, 135]
[1107448, 69, 90, 135]
[1107595, 69, 90, 135]
[1107699, 69, 90, 135]
[1107638, 69, 90, 135]
[1107695, 69, 90, 135]
[1107677, 69, 90, 135]
[1107727, 69, 90, 135]
[1107462, 69, 90, 135]
[1107663, 69, 90, 135]
[1107699, 69, 90, 135]
[1107684, 69, 90, 135]
[1107629, 69, 90, 135]
[1107741, 69, 90, 135]
[1107715, 69, 90, 135]
[1107674, 69, 90, 135]
[1107666, 69, 90, 135]
[1107616, 69, 90, 135]
[1107788, 69, 90, 135]
[1107826, 69, 90, 135]
[1107619, 69, 90, 135]
[1107773, 69, 90, 135]
[1107605, 69, 90, 135]
[1107703, 69, 90, 135]
[1107734, 69, 90, 135]
[1107853, 69, 90, 135]
[1107649, 69, 90, 135]
[1107929, 69, 90, 135]
[1107917, 69, 90, 135]
[1107944, 69, 90, 135]
[1107860, 69, 90, 135]
[1107862, 69, 90, 135]
[1107740, 69, 90, 135]
[1108079, 69, 90, 135]
[1107960, 69, 90, 135]
[1107938, 69, 90, 135]
[1107874, 69, 90, 135]
[1107910, 69, 90, 135]
[1107826, 69, 90, 135]
[1107926, 69, 90, 135]
[1107889, 69, 90, 135]
[1108034, 69, 90, 135]
[1108009, 69, 90, 135]
[1107798, 69, 90, 135]
[1107960, 69, 90, 135]
[1108006, 69, 90, 135]
[1107960, 69, 90, 135]
[1107959, 69, 90, 135]
[1108113, 69, 90, 135]
[1108132, 69, 90, 135]
[1108003, 69, 90, 135]
[1107936, 69, 90, 135]
[1108067, 69, 90, 135]
[1108004, 69, 90, 135]
[1107999, 69, 90, 135]
[1108099, 69, 90, 135]
[1108207, 69, 90, 135]
[1108048, 69, 90, 135]
[1108049, 69, 90, 135]
[1108073, 69, 90, 135]
[1108025, 69, 90, 135]
[1107951, 69, 90, 135]
[1107994, 69, 90, 135]
[1108010, 69, 90, 135]
[1108169, 69, 90, 135]
[1108141, 69, 90, 135]
[1108213, 69, 90, 135]
[1107921, 69, 90, 135]
[1108243, 69, 90, 135]
[1108039, 69, 90, 135]
[1108098, 69, 90, 135]
[1108269, 69, 90, 135]
[1108359, 69, 90, 135]
[1108228, 69, 90, 135]
[1108254, 69, 90, 135]
[1108370, 69, 90, 135]
[1108215, 69, 90, 135]
[1108186, 69, 90, 135]
[1108401, 69, 90, 135]
[1108421, 69, 90, 135]
[1108354, 69, 90, 135]
[1108369, 69, 90, 135]
[1108246, 69, 90, 135]
[1108164, 69, 90, 135]
[1108395, 69, 90, 135]
[1108359, 69, 90, 135]
[1108557, 69, 90, 135]
[1108410, 69, 90, 135]
[1108506, 69, 90, 135]
[1108284, 69, 90, 135]
[1108299, 69, 90, 135]
[1108416, 69, 90, 135]
[1108289, 69, 90, 135]
[1108564, 69, 90, 135]
[1108545, 69, 90, 135]
[1108672, 69, 90, 135]
[1108476, 69, 90, 135]
[1108452, 69, 90, 135]
[1108443, 69, 90, 135]
[1108522, 69, 90, 135]
[1108536, 69, 90, 135]
[1108611, 69, 90, 135]
[1108758, 69, 90, 135]
[1108465, 69, 90, 135]
[1108666, 69, 90, 135]
[1108566, 69, 90, 135]
[1108655, 69, 90, 135]
[1108613, 69, 90, 135]
[1108670, 69, 90, 135]
[1108740, 69, 90, 135]
[1108896, 69, 90, 135]
[1108746, 69, 90, 135]
[1108615, 69, 90, 135]
[1108625, 69, 90, 135]
[1108628, 69, 90, 135]
[1108660, 69, 90, 135]
[1108667, 69, 90, 135]
[1108911, 69, 90, 135]
[1108700, 69, 90, 135]
[1108647, 69, 90, 135]
[1108731, 69, 90, 135]
[1108860, 69, 90, 135]
[1108831, 69, 90, 135]
[1108837, 69, 90, 135]
[1108844, 69, 90, 135]
[1108974, 63, 90, 133]
[1108909, 63, 90, 133]
[1108788, 63, 90, 133]
[1108804, 63, 90, 133]
[1108903, 63, 90, 133]
[1108913, 63, 90, 133]
[1109072, 63, 90, 133]
[1108877, 63, 90, 133]
[1108949, 63, 90, 133]
[1108856, 63, 90, 133]
[1108820, 63, 90, 133]
[1108738, 63, 90, 133]
[1108717, 63, 90, 133]
[1108608, 63, 90, 133]
[1108426, 63, 90, 133]
[1108315, 63, 90, 133]
[1108144, 63, 90, 133]
[1107917, 63, 90, 133]
[1107611, 63, 90, 133]
[1107443, 63, 90, 133]
[1107544, 63, 90, 133]
[1107341, 63, 90, 133]
[1107474, 63, 90, 133]
[1107223, 63, 90, 133]
[1107051, 63, 90, 133]
[1106842, 63, 90, 133]
[1106725, 63, 90, 133]
[1107019, 63, 90, 133]
[1107247, 63, 90, 133]
[1107157, 63, 90, 133]
[1107086, 63, 90, 133]
[1107096, 63, 90, 133]
[1107004, 63, 90, 133]
[1107143, 63, 90, 133]
[1107156, 63, 90, 133]
[1107148, 63, 90, 133]
[1107379, 63, 90, 133]
[1107504, 63, 90, 133]
[1107474, 63, 90, 133]
[1107350, 63, 90, 133]
[1107466, 63, 90, 133]
[1107428, 63, 90, 133]
[1107603, 63, 90, 133]
[1107639, 63, 90, 133]
[1107667, 63, 90, 133]
[1107724, 63, 90, 133]
[1107678, 63, 90, 133]
[1107720, 63, 90, 133]
[1107646, 63, 90, 133]
[1107661, 63, 90, 133]
[1107494, 63, 90, 133]
[1107844, 63, 90, 133]
[1107832, 63, 90, 133]
[1107743, 63, 90, 133]
[1107695, 63, 90, 133]
[1107891, 63, 90, 133]
[1107806, 63, 90, 133]
[1107879, 63, 90, 133]
[1108034, 63, 90, 133]
[1108041, 63, 90, 133]
[1107972, 63, 90, 133]
[1107728, 63, 90, 133]
[1107891, 63, 90, 133]
[1107957, 63, 90, 133]
[1107912, 63, 90, 133]
[1108043, 63, 90, 133]
[1107944, 63, 90, 133]
[1107876, 63, 90, 133]
[1107930, 63, 90, 133]
[1107671, 63, 90, 133]
[1107751, 63, 90, 133]
[1107868, 63, 90, 133]
[1107623, 63, 90, 133]
[1107874, 63, 90, 133]
[1107675, 63, 90, 133]
[1107763, 63, 90, 133]
[1107565, 63, 90, 133]
[1107723, 63, 90, 133]
[1107578, 63, 90, 133]
[1107764, 63, 90, 133]
[1107614, 63, 90, 133]
[1107598, 63, 90, 133]
[1107553, 63, 90, 133]
[1107738, 63, 90, 133]
[1107578, 63, 90, 133]
[1107544, 63, 90, 133]
[1107555, 63, 90, 133]
